GOES 3                  
1 10953U 78062A   15172.48508862 -.00000098  00000-0  00000+0 0  9995
2 10953  14.1517 339.1183 0005704 151.6501 204.3316  1.00275756 88684
TDRS 3                  
1 19548U 88091B   15172.17386594 -.00000310  00000-0  00000+0 0  9996
2 19548  14.6324  15.9701 0035234 306.0913 307.1367  1.00280749 85114
LEASAT 5                
1 20410U 90002B   15171.79957544 -.00000088  00000-0  00000+0 0  9999
2 20410  11.2407  18.0652 0002489 178.9682  71.4548  1.00272627 78438
SKYNET 4C               
1 20776U 90079A   15172.82906950 -.00000043  00000-0  00000+0 0  9999
2 20776  13.3458  23.6944 0002562  56.2679 127.0278  1.00274471 90705
TDRS 5                  
1 21639U 91054B   15172.45905433  .00000079  00000-0  00000+0 0  9994
2 21639  13.7489  29.4404 0019718 337.9213 259.4382  1.00274783 87462
TDRS 6                  
1 22314U 93003B   15173.25599346 -.00000298  00000-0  00000+0 0  9996
2 22314  13.2194  32.2643 0002265 318.1408 326.0011  1.00276684 82135
INTELSAT 701 (IS-701)   
1 22871U 93066A   15172.13379595 -.00000226  00000-0  00000+0 0  9992
2 22871   2.8090  71.1107 0003590  10.6528 205.8848  1.00271137 79145
NATO 4B                 
1 22921U 93076A   15172.99812868  .00000124  00000-0  00000+0 0  9994
2 22921  11.6217  30.2655 0001828  40.0086 231.2528  1.00274518 78875
INTELSAT 702 (IS-702)   
1 23124U 94034A   15171.92418459  .00000142  00000-0  00000+0 0  9995
2 23124   3.1453  69.5110 0001930  43.0463 161.8822  1.00274676 91129
OPTUS B3                
1 23227U 94055A   15171.47701632 -.00000092  00000-0  00000+0 0  9995
2 23227   6.2025  55.9617 0003188  34.7253 153.6016  1.00272606 76188
ASTRA 1D                
1 23331U 94070A   15171.49533245 -.00000290  00000-0  00000+0 0  9993
2 23331   6.3879  55.0806 0004847  25.5785 298.4431  1.00272188 75952
BRASILSAT B2            
1 23536U 95016A   15170.30955010 -.00000300  00000-0  00000+0 0  9990
2 23536   6.0040  56.8820 0001825  31.1448 227.4006  1.00269196 74069
AMSC 1                  
1 23553U 95019A   15172.21798339 -.00000122  00000-0  00000+0 0  9995
2 23553   9.0639  46.7907 0002904  37.4271 160.0332  1.00272324 73937
TDRS 7                  
1 23613U 95035B   15171.81167498 -.00000210  00000-0  00000+0 0  9999
2 23613  14.5254  23.1165 0023849  20.3515 242.2449  1.00270071 72923
ECHOSTAR 1              
1 23754U 95073A   15172.38238406 -.00000251  00000-0  00000+0 0  9993
2 23754   0.0294  42.1323 0002503  66.1321 221.5409  1.00267264 71191
ABS-1A                  
1 23768U 96003A   15168.29166667  .00000108  00000-0  00000-0 0  9997
2 23768   7.0057  53.0528 0005288  40.7369 318.2201  0.99751490 71113
INMARSAT 3-F1           
1 23839U 96020A   15173.10967385  .00000001  00000-0  00000+0 0  9998
2 23839   2.5897  70.9374 0004762  15.2350 287.7582  1.00272176 70375
ASTRA 1F                
1 23842U 96021A   15170.20596865  .00000124  00000-0  00000+0 0  9998
2 23842   0.0589 306.1344 0002868 147.0577 292.5546  1.00269795 70198
MSAT M1                 
1 23846U 96022A   15171.56369595 -.00000099  00000-0  00000+0 0  9993
2 23846   6.5797  54.7365 0003027  37.7948 272.2867  1.00272155 70193
PALAPA C2               
1 23864U 96030A   15171.59328733 -.00000250  00000-0  00000+0 0  9993
2 23864   4.2336  63.8505 0001017   5.7609 198.4831  1.00273359 69926
INMARSAT 3-F2           
1 24307U 96053A   15171.17770774 -.00000136  00000-0  00000+0 0  9994
2 24307   1.1559  81.3909 0006144 358.1224 237.0115  1.00270947 68765
AMC-1 (GE-1)            
1 24315U 96054A   15171.51501508 -.00000114  00000-0  00000+0 0  9995
2 24315   0.0745  89.8604 0002889 355.2748 265.6590  1.00272166 68764
AFRICASAT-2 (MEASAT-2)  
1 24653U 96063B   15170.55323152 -.00000239  00000-0  00000+0 0  9998
2 24653   6.3028  55.5517 0004071 133.7886  65.3118  1.00268912 68093
EUTELSAT 48A            
1 24665U 96067A   15172.83032729  .00000108  00000-0  00000+0 0  9999
2 24665   5.0982  60.3286 0004162  29.6050 166.9352  1.00274088 68443
INMARSAT 3-F3           
1 24674U 96070A   15172.53163390  .00000029  00000-0  00000+0 0  9991
2 24674   1.9980  75.3635 0004906   1.4683 202.0605  1.00273212 67738
AMC-2 (GE-2)            
1 24713U 97002A   15173.15382025 -.00000236  00000-0  00000+0 0  9999
2 24713   2.9699  70.0182 0004817  15.6136 158.8803  1.00270415 18118
INTELSAT 26 (IS-26)     
1 24732U 97007A   15170.58733219 -.00000021  00000-0  00000+0 0  9996
2 24732   6.2696  55.7943 0004102   5.9901 122.9151  1.00272994 67045
GALAXY 25 (G-25)        
1 24812U 97026A   15170.55394743 -.00000176  00000-0  00000+0 0  9999
2 24812   0.0057 340.2221 0002595  83.4876 310.0607  1.00271456 66096
INMARSAT 3-F4           
1 24819U 97027A   15172.20207713 -.00000300  00000-0  00000+0 0  9990
2 24819   4.4754  62.1560 0004240  20.9894 204.6758  1.00272707 66136
SUPERBIRD-A3            
1 24880U 97036A   15171.75808499 -.00000146  00000-0  00000+0 0  9993
2 24880   5.4179  59.0016 0001931  48.0747 232.4754  1.00272289 65486
ABS-3                   
1 24901U 97042A   15172.82902376 -.00000040  00000-0  00000+0 0  9995
2 24901   3.5337  67.8551 0004267  38.6869  98.4790  1.00271456 65295
INTELSAT 5 (IS-5)       
1 24916U 97046A   15172.47315909 -.00000149  00000-0  00000+0 0  9996
2 24916   2.1183  74.8611 0004830   6.0838 155.7286  1.00272088 65380
METEOSAT-7              
1 24932U 97049B   15172.68790608  .00000044  00000-0  00000+0 0  9996
2 24932   9.6843  44.2515 0000459 217.5581 313.0426  1.00266451 65184
AMC-3 (GE-3)            
1 24936U 97050A   15172.46556435 -.00000282  00000-0  10000-3 0  9996
2 24936   0.0170 321.6615 0000990  90.5258 317.7383  1.00271470 65202
NSS-5                   
1 24957U 97053A   15172.83038828  .00000101  00000-0  00000+0 0  9998
2 24957   2.4235  73.1168 0003025   1.4537 184.5739  1.00274721 64990
ECHOSTAR 3              
1 25004U 97059A   15173.17151334 -.00000290  00000-0  10000-3 0  9999
2 25004   0.6707  82.6174 0000730 354.5532 192.8163  1.00272853 64905
JCSAT-1B                
1 25067U 97075A   15171.51435782 -.00000217  00000-0  00000+0 0  9998
2 25067   4.2486  63.6652 0002952  45.7059 134.1603  1.00270485 64298
ASTRA 1G                
1 25071U 97076A   15172.93411248  .00000041  00000-0  00000+0 0  9996
2 25071   0.8502  79.6800 0003383  12.1307 214.1031  1.00273720 64298
BRASILSAT B3            
1 25152U 98006A   15170.55394743 -.00000184  00000-0  00000+0 0  9995
2 25152   2.6339  72.5362 0002120  14.9442 287.3759  1.00270548 63674
INMARSAT 3-F5           
1 25153U 98006B   15172.82970221  .00000131  00000-0  00000+0 0  9990
2 25153   1.1386  73.0288 0003886  14.6910 145.2484  1.00271278 63680
NSS-806                 
1 25239U 98014A   15171.38466498 -.00000291  00000-0  00000+0 0  9998
2 25239   0.0548  23.8759 0004242  61.0303 274.3413  1.00273715 63402
CHINASAT 5A (ZX 5A)     
1 25354U 98033A   15173.25736823 -.00000274  00000-0  00000+0 0  9998
2 25354   0.0233 289.5153 0002759 195.8768  19.3676  1.00268698 67015
THOR III                
1 25358U 98035A   15172.12355508 -.00000051  00000-0  00000+0 0  9999
2 25358   4.1441  63.8474 0001707 355.4230 249.9067  1.00272786 62466
INTELSAT 805 (IS-805)   
1 25371U 98037A   15170.22375777 -.00000300  00000-0  10000-3 0  9997
2 25371   0.0311 275.2714 0002391 169.0434 207.8645  1.00272020 62290
ASTRA 2A                
1 25462U 98050A   15172.16799854  .00000139  00000-0  00000+0 0  9998
2 25462   0.0616 129.1300 0003682 348.0488 240.5202  1.00272391 61517
INTELSAT 7 (IS-7)       
1 25473U 98052A   15172.37355066 -.00000153  00000-0  00000+0 0  9995
2 25473   1.7015  77.8489 0003210  56.2712 251.3908  1.00271504 61396
SIRIUS 3                
1 25492U 98056B   15171.89987998  .00000091  00000-0  00000+0 0  9991
2 25492   5.2379  59.6843 0000454 330.1145 254.1035  1.00271336 61241
AFRISTAR                
1 25515U 98063A   15172.06286090  .00000115  00000-0  00000+0 0  9997
2 25515   1.8899  71.1089 0004497  15.6463 225.7921  1.00269944 60919
INTELSAT 8 (IS-8)       
1 25522U 98065A   15171.69262080 -.00000042  00000-0  00000+0 0  9998
2 25522   0.0181 269.2097 0002807 175.1316 242.5631  1.00272374 60885
EUTELSAT 115 WEST A     
1 25558U 98070A   15173.24620425 -.00000034  00000-0  10000-3 0  9993
2 25558   1.7106  77.4400 0002824   1.1495 165.2237  1.00272795 60803
JCSAT-4A                
1 25630U 99006A   15172.81362546 -.00000163  00000-0  00000+0 0  9991
2 25630   0.8112  83.7851 0001758  19.3605 181.3579  1.00270857 59757
SKYNET 4E               
1 25639U 99009B   15172.89586244  .00000018  00000-0  10000-3 0  9997
2 25639   9.3665  34.5710 0002547  55.9142 148.0028  1.00275921 59789
ASIASAT 3S              
1 25657U 99013A   15172.41464775 -.00000373  00000-0  00000+0 0  9994
2 25657   1.0328  81.7907 0000506   1.9110  93.0849  1.00273822 59570
ASTRA 1H                
1 25785U 99033A   15172.25831867 -.00000286  00000-0  00000+0 0  9993
2 25785   2.4113  73.2782 0000789 338.9143 261.6952  1.00411263 58534
TELKOM 1                
1 25880U 99042A   15170.72074213 -.00000358  00000-0  00000+0 0  9993
2 25880   0.0337 356.7588 0001555 143.8563 134.4901  1.00271168 58096
ABS-7                   
1 25894U 99046A   15170.72189605 -.00000375  00000-0  00000+0 0  9993
2 25894   0.0042  34.7107 0002658  32.1474 216.7434  1.00273507 56890
GALAXY 27 (G-27)        
1 25922U 99052A   15171.90027638 -.00000016  00000-0  00000+0 0  9992
2 25922   1.7786  76.7362 0008945  24.1714 198.1705  1.00273500 57637
ABS-6                   
1 25924U 99053A   15167.49873718 -.00000136  00000-0  00000-0 0  9996
2 25924   0.0187  22.3963 0003352  51.9704 168.6656  1.00271805 57581
TELSTAR 12 (ORION 2)    
1 25949U 99059A   15173.04489258 -.00000127  00000-0  00000+0 0  9998
2 25949   0.0042  42.2581 0002454  39.2416 189.5636  1.00272420 57300
AMC-4 (GE-4)            
1 25954U 99060A   15172.46556417 -.00000282  00000-0  10000-3 0  9990
2 25954   0.0287  40.4081 0002443  37.5621 291.9674  1.00270991 57243
GALAXY 11 (G-11)        
1 26038U 99071A   15171.18973870 -.00000298  00000-0  10000-3 0  9997
2 26038   0.0767 254.6368 0000150 290.5365  95.5997  1.00271814 56842
HISPASAT 1C             
1 26071U 00007A   15173.17917542 -.00000220  00000-0  00000+0 0  9990
2 26071   0.0512  51.9294 0001751  21.9064 176.8659  1.00271979 56393
SUPERBIRD-B2            
1 26095U 00012A   15170.69350713 -.00000105  00000-0  00000+0 0  9999
2 26095   0.0288 271.7254 0002440 175.3447 232.1988  1.00275051 56185
EXPRESS-A2              
1 26098U 00013A   15172.85465263 -.00000259  00000-0  10000-3 0  9995
2 26098   7.8686  50.3880 0017815 101.5664 210.5294  1.00272548 55924
ASIASTAR                
1 26107U 00016A   15171.90440652 -.00000343  00000-0  00000+0 0  9998
2 26107   0.1942  66.6514 0003787  23.5855 249.1356  1.00270741 55894
EUTELSAT 16C            
1 26243U 00019A   15172.06270082  .00000082  00000-0  00000+0 0  9997
2 26243   2.8740  70.1947 0002188  17.5225 218.2557  1.00273389 55552
EUTELSAT 36A            
1 26369U 00028A   15172.82999950  .00000147  00000-0  00000+0 0  9994
2 26369   0.0637   4.1891 0004265  80.4417 159.9404  1.00271209 55237
TDRS 8                  
1 26388U 00034A   15171.82056502 -.00000238  00000-0  00000+0 0  9990
2 26388   6.2120  62.7405 0002459  24.6050 205.8515  1.00275706 54914
ECHOSTAR 6              
1 26402U 00038A   15172.51575497 -.00000156  00000-0  00000+0 0  9996
2 26402   2.7899  71.1266 0000714  29.7526 257.9526  1.00271629 54673
INTELSAT 9 (IS-9)       
1 26451U 00043A   15172.25845589 -.00000280  00000-0  00000+0 0  9997
2 26451   2.1022  75.1428 0002849   2.2619 241.6751  1.00272468 54596
BRASILSAT B4            
1 26469U 00046A   15173.17917372 -.00000219  00000-0  10000-3 0  9998
2 26469   0.1781  94.8783 0001752   0.9778 154.6774  1.00271915 54392
NILESAT 102             
1 26470U 00046B   15172.82893229 -.00000066  00000-0  00000+0 0  9990
2 26470   0.1848  82.6762 0002720 353.1904 125.2496  1.00272594 54399
ASTRA 2B                
1 26494U 00054A   15171.83434903  .00000143  00000-0  00000+0 0  9990
2 26494   0.7319  79.6418 0003101   9.8971 150.8921  1.00274095 53980
AMC-7 (GE-7)            
1 26495U 00054B   15172.14929865  .00000077  00000-0  00000+0 0  9998
2 26495   0.0419  54.5285 0000396  26.8969 106.3436  1.00271866 54002
NSS-11 (AAP-1)          
1 26554U 00059A   15172.74138704 -.00000354  00000-0  10000-3 0  9993
2 26554   0.0178 321.7190 0002280 131.0083 191.9619  1.00271078 53955
N-SAT-110 (JCSAT-110)   
1 26559U 00060A   15172.03271566 -.00000362  00000-0  10000-3 0  9995
2 26559   0.0053 359.1527 0000888 329.9287  61.6719  1.00272633 53881
AMC-6 (GE-6)            
1 26580U 00067A   15172.32880281 -.00000269  00000-0  00000+0 0  9999
2 26580   0.0183 358.6374 0002493  96.8398 220.0803  1.00270423 53734
INTELSAT 12 (IS-12)     
1 26590U 00068A   15170.20596865  .00000123  00000-0  00000+0 0  9996
2 26590   0.0296  40.6724 0003241  58.9423 286.5924  1.00271860 53543
INTELSAT 1R (IS-1R)     
1 26608U 00072A   15172.25827294 -.00000292  00000-0  00000+0 0  9999
2 26608   0.0452 223.8033 0000666  77.0047  11.2991  1.00270913 53429
ANIK F1                 
1 26624U 00076A   15172.40399463 -.00000084  00000-0  00000+0 0  9999
2 26624   0.0065  34.3454 0002181  68.0870 204.9730  1.00272411 53480
ASTRA 2D                
1 26638U 00081A   15169.00000000  .00000107  00000-0  00000+0 0  9993
2 26638   2.2510  73.0190 0002822  47.1080 173.2640  1.00018865 53168
AMC-8 (GE-8)            
1 26639U 00081B   15172.54209825  .00000095  00000-0  00000+0 0  9999
2 26639   0.0176 327.9601 0001556  93.2198 264.3740  1.00272708 53055
TURKSAT 2A              
1 26666U 01002A   15171.83463109  .00000135  00000-0  10000-3 0  9991
2 26666   0.0576  27.7951 0004524  38.1060 185.2608  1.00273063 52908
SKYNET 4F               
1 26695U 01005B   15171.18557082 -.00000259  00000-0  00000+0 0  9991
2 26695   7.9630  42.1959 0002009  11.4178 247.2600  1.00272866 52626
EUTELSAT 28A            
1 26719U 01011A   15171.96975485  .00000139  00000-0  10000-3 0  9993
2 26719   0.0670  15.1684 0003896  78.1577 193.1170  1.00270468 52328
XM-1 (ROLL)             
1 26761U 01018A   15173.21106221 -.00000031  00000-0  10000-3 0  9993
2 26761   0.1366 240.1151 0003988  19.2852 331.3903  1.00272909 51782
INTELSAT 10 (IS-10)     
1 26766U 01019A   15172.61249147  .00000118  00000-0  00000+0 0  9997
2 26766   0.0167  45.8267 0002654  57.4200  74.2215  1.00271165 51684
INTELSAT 901 (IS-901)   
1 26824U 01024A   15172.31485140 -.00000151  00000-0  00000+0 0  9998
2 26824   0.0193   1.4549 0002251  83.2322 279.8281  1.00271297 51383
ASTRA 2C                
1 26853U 01025A   15172.06303623  .00000139  00000-0  00000+0 0  9993
2 26853   0.0340 340.8818 0001731  28.8105 310.1081  1.00273614 51353
ARTEMIS                 
1 26863U 01029A   15172.16028164  .00000099  00000-0  00000+0 0  9998
2 26863  11.8418  41.0025 0001743 138.2925 168.8159  1.00273486 52148
INTELSAT 902 (IS-902)   
1 26900U 01039A   15171.90016965  .00000021  00000-0  00000+0 0  9993
2 26900   0.0161  22.2908 0002581  65.1786 207.3760  1.00273428 50523
EUTELSAT 8 WEST A       
1 26927U 01042A   15171.99845855 -.00000077  00000-0  00000+0 0  9995
2 26927   0.0515 342.7446 0004626  98.7403 178.7380  1.00271496 50276
DIRECTV 4S              
1 26985U 01052A   15168.34784660 -.00000129  00000-0  00000-0 0  9990
2 26985   0.0275  40.8491 0000969  43.7822 204.6942  1.00271091 11046
INSAT-3C                
1 27298U 02002A   15171.90047457 -.00000088  00000-0  00000+0 0  9999
2 27298   0.0226  67.3743 0006858  20.0537 219.4905  1.00272202 49104
ECHOSTAR 7              
1 27378U 02006A   15172.42404426 -.00000010  00000-0  00000+0 0  9998
2 27378   0.0271 315.0285 0001771 190.7780 157.3318  1.00271775 48810
INTELSAT 904 (IS-904)   
1 27380U 02007A   15171.90011630  .00000038  00000-0  00000+0 0  9994
2 27380   0.0128   5.9841 0003123  79.5891 207.2509  1.00271585 48846
TDRS 9                  
1 27389U 02011A   15172.24574231 -.00000108  00000-0  00000+0 0  9996
2 27389   3.7597  90.4191 0014132 230.7620  24.3191  1.00270664 50198
JCSAT-2A                
1 27399U 02015A   15172.47307523 -.00000175  00000-0  00000+0 0  9998
2 27399   0.0112 322.4053 0001457  97.6537 173.5826  1.00272932 48414
ASTRA 3A                
1 27400U 02015B   15172.77739894  .00000061  00000-0  00000+0 0  9997
2 27400   2.4243  72.4625 0000954   8.9198 291.2846  1.00273811 48477
INTELSAT 903 (IS-903)   
1 27403U 02016A   15172.89422306 -.00000247  00000-0  00000+0 0  9998
2 27403   0.0182   3.7166 0002754  81.0972 112.3622  1.00271421 48419
NSS-7                   
1 27414U 02019A   15172.81707506 -.00000164  00000-0  00000+0 0  9991
2 27414   0.3999  87.8349 0002445 353.7869 102.1841  1.00271326 48343
DIRECTV 5 (TEMPO 1)     
1 27426U 02023A   15172.40391840 -.00000065  00000-0  00000+0 0  9994
2 27426   0.0264  39.9073 0003579  71.7079 192.9396  1.00269463 48070
INTELSAT 905 (IS-905)   
1 27438U 02027A   15172.12837931 -.00000195  00000-0  00000+0 0  9990
2 27438   0.0193  17.9340 0002555  40.3473 232.4462  1.00271339 47731
EXPRESS-A4              
1 27441U 02029A   15172.09892153 -.00000127  00000-0  00000+0 0  9994
2 27441   4.7885  61.6119 0003696  62.6067 166.4209  1.00271655 47711
GALAXY 3C (G-3C)        
1 27445U 02030A   15172.19354225 -.00000161  00000-0  00000+0 0  9992
2 27445   0.0327  63.4898 0001221 157.8182  22.4007  1.00269063 47702
EUTELSAT 5 WEST A       
1 27460U 02035A   15172.82897802 -.00000051  00000-0  00000+0 0  9995
2 27460   0.0441  21.3813 0005272  66.4464 115.2729  1.00272291 47501
N-STAR C                
1 27461U 02035B   15170.50896713 -.00000323  00000-0  00000+0 0  9991
2 27461   3.2544  69.3197 0001781 352.0479 165.2483  1.00269488 47415
EUTELSAT 8 WEST C       
1 27499U 02038A   15173.09458125 -.00000070  00000-0  00000+0 0  9992
2 27499   0.0492 332.5322 0003321 102.1239 221.8615  1.00270933 46971
ECHOSTAR 8              
1 27501U 02039A   15172.38220250 -.00000252  00000-0  00000+0 0  9996
2 27501   0.0323  49.0335 0002686  40.0380 240.9202  1.00267762 47029
EUTELSAT 12 WEST A      
1 27508U 02040A   15171.99330372 -.00000111  00000-0  00000+0 0  9992
2 27508   0.0634 350.0452 0003514 131.9966 131.9194  1.00270272 46991
METEOSAT-8 (MSG-1)      
1 27509U 02040B   15172.30317620  .00000009  00000-0  00000+0 0  9995
2 27509   3.5482  61.0982 0000326  84.5987 236.1901  1.00269399 47007
INTELSAT 906 (IS-906)   
1 27513U 02041A   15169.90805550  .00000000  00000-0  00000+0 0  9998
2 27513   0.0146   3.3305 0002538  92.3501 202.1653  1.00271542 46712
KODAMA (DRTS)           
1 27516U 02042B   15172.54963080 -.00000247  00000-0  00000+0 0  9993
2 27516   3.7004  66.5801 0002056  15.3156 116.1135  1.00270332 46823
KALPANA-1 (METSAT 1)    
1 27525U 02043A   15171.88509513 -.00000092  00000-0  00000+0 0  9995
2 27525   5.0877  60.4399 0011034 215.6980  25.1316  1.00272060 46782
HISPASAT 1D             
1 27528U 02044A   15172.38020811 -.00000226  00000-0  00000+0 0  9993
2 27528   0.0338 312.3085 0002941 110.4928 313.3077  1.00271789 46709
EUTELSAT 33B            
1 27554U 02051A   15172.18086531  .00000145  00000-0  00000+0 0  9998
2 27554   0.0097  61.2442 0000746  66.0937 239.9335  1.00272623 46128
TDRS 10                 
1 27566U 02055A   15172.40218037  .00000072  00000-0  00000+0 0  9997
2 27566   3.7421  61.7477 0004401 221.8891 315.9989  1.00274601 45988
NSS-6                   
1 27603U 02057A   15172.83160795 -.00000278  00000-0  10000-3 0  9999
2 27603   0.0182  55.1213 0000954 351.0031 257.9398  1.00271587 45877
NIMIQ 2                 
1 27632U 02062A   15172.25863884 -.00000255  00000-0  00000+0 0  9992
2 27632   0.5016  85.4974 0002484 343.0554 257.6681  1.00272473 45654
INTELSAT 907 (IS-907)   
1 27683U 03007A   15172.13138851 -.00000213  00000-0  00000+0 0  9998
2 27683   0.0105  10.1346 0002640  75.3926 203.2802  1.00271259 45141
INSAT-3A                
1 27714U 03013A   15172.83156984 -.00000267  00000-0  00000+0 0  9993
2 27714   0.0776 278.3191 0006428 153.5701 230.6787  1.00272652 44709
GALAXY 12 (G-12)        
1 27715U 03013B   15172.50840426  .00000049  00000-0  00000+0 0  9996
2 27715   0.0123 298.2462 0002177 186.8069 198.3715  1.00274383 44750
ASIASAT 4               
1 27718U 03014A   15172.84926091 -.00000368  00000-0  00000+0 0  9995
2 27718   0.0157  39.3604 0000735 260.4905  37.6998  1.00269716 44682
HELLAS-SAT 2            
1 27811U 03020A   15170.21646171  .00000138  00000-0  00000+0 0  9997
2 27811   0.0251  37.6041 0003686  67.0890 279.3264  1.00279689 44107
AMC-9 (GE-12)           
1 27820U 03024A   15172.33662480 -.00000226  00000-0  00000+0 0  9996
2 27820   0.0138 356.4153 0002229  76.7176 234.2430  1.00270754 44089
THURAYA-2               
1 27825U 03026A   15171.84794814  .00000120  00000-0  10000-3 0  9992
2 27825   4.2611  25.7014 0004250  56.0016 176.3005  1.00272943 44107
OPTUS C1                
1 27831U 03028B   15172.26460471 -.00000157  00000-0  00000+0 0  9993
2 27831   0.0527 138.8386 0002554 321.9217  59.6428  1.00272999 44073
ECHOSTAR 12 (RAINBOW 1) 
1 27852U 03033A   15173.21412024 -.00000290  00000-0  00000+0 0  9997
2 27852   0.0169 327.9885 0001064 150.4801 167.3227  1.00270313 43747
GALAXY 23 (G-23)        
1 27854U 03034A   15171.57273297  .00000001  00000-0  00000+0 0  9993
2 27854   0.0051  33.7839 0002560  48.3737 271.4894  1.00272292 43368
EUTELSAT 33A            
1 27948U 03043A   15170.83780971  .00000140  00000-0  00000+0 0  9991
2 27948   0.9187  80.6259 0000291 160.1853 359.3347  1.00269182 43069
GALAXY 13 (HORIZONS-1)  
1 27954U 03044A   15172.54240317  .00000039  00000-0  00000+0 0  9991
2 27954   0.0043  13.3133 0000317  37.3598 286.9710  1.00271672 42922
YAMAL 202               
1 28089U 03053A   15173.10960874  .00000111  00000-0  00000+0 0  9992
2 28089   0.0062 327.8814 0004210 160.9006 229.6768  1.00274984 42437
AMOS-2                  
1 28132U 03059A   15173.09313449 -.00000043  00000-0  00000+0 0  9990
2 28132   0.0323 280.4153 0002504 139.2667 239.7433  1.00271236 42148
EXPRESS-AM22 (SESAT 2)  
1 28134U 03060A   15171.89993334  .00000086  00000-0  00000+0 0  9993
2 28134   0.0246 216.1396 0000906  42.6328  27.0234  1.00274384 42047
AMC-10 (GE-10)          
1 28154U 04003A   15173.23964818  .00000080  00000-0  00000+0 0  9992
2 28154   0.0167 342.0063 0002696 105.2992 134.0507  1.00271528 41691
ABS-2I                  
1 28184U 04007A   15172.61345811  .00000032  00000-0  00000+0 0  9993
2 28184   0.0344 209.7760 0000350 273.0686  68.4417  1.00271102 41343
EUTELSAT 7A             
1 28187U 04008A   15172.30105512  .00000038  00000-0  00000+0 0  9991
2 28187   0.0656  12.8717 0004004  97.5826 274.0752  1.00273041 41332
DIRECTV 7S              
1 28238U 04016A   15172.19492010 -.00000009  00000-0  00000+0 0  9995
2 28238   0.0223   7.7466 0002783  84.8945 127.5285  1.00271309 40827
AMC-11 (GE-11)          
1 28252U 04017A   15170.44536410  .00000055  00000-0  00000+0 0  9991
2 28252   0.0186 336.8141 0001690 119.0093 200.8489  1.00273023 40509
INTELSAT 10-02          
1 28358U 04022A   15171.16241184 -.00000023  00000-0  00000+0 0  9991
2 28358   0.0216  88.4912 0002707  54.9690 182.0744  1.00272231 40365
APSTAR 5 (TELSTAR 18)   
1 28364U 04024A   15172.41494813 -.00000304  00000-0  00000+0 0  9990
2 28364   0.0265 284.0020 0002188 159.9433 112.7103  1.00270761 40314
ANIK F2                 
1 28378U 04027A   15170.56556787 -.00000063  00000-0  00000+0 0  9993
2 28378   0.0206   3.8639 0000121  26.0662 330.0611  1.00271919 40090
AMAZONAS 1              
1 28393U 04031A   15172.25813572 -.00000296  00000-0  00000+0 0  9999
2 28393   0.2536  86.9471 0001123   3.5678 216.1203  1.00273221 39874
AMC-15                  
1 28446U 04041A   15173.20489744 -.00000096  00000-0  00000+0 0  9993
2 28446   0.0184   9.9935 0002120  91.0634 137.7135  1.00271695 39147
AMC-16                  
1 28472U 04048A   15172.42168130 -.00000216  00000-0  00000+0 0  9999
2 28472   0.0178   4.1749 0002569  94.2813 237.6437  1.00270635 38563
NSS-10 (AMC-12)         
1 28526U 05003A   15172.25860073 -.00000260  00000-0  00000+0 0  9996
2 28526   0.0197 350.8665 0002820  97.6620 236.2862  1.00272358 38061
XTAR-EUR                
1 28542U 05005A   15172.82981655  .00000143  00000-0  00000+0 0  9998
2 28542   0.0671 271.4793 0001530 161.5161 164.4238  1.00273612 37932
HIMAWARI-6 (MTSAT-1R)   
1 28622U 05006A   15172.41208275 -.00000291  00000-0  00000+0 0  9998
2 28622   0.2106  87.3643 0002923 343.5499 126.6667  1.00271256 37766
XM-3 (RHYTHM)           
1 28626U 05008A   15171.22622703 -.00000218  00000-0  00000+0 0  9997
2 28626   0.0099 152.0956 0000369 260.8608 211.4868  1.00269533 37807
INMARSAT 4-F1           
1 28628U 05009A   15172.27333639 -.00000271  00000-0  00000+0 0  9992
2 28628   2.7658   1.8721 0002961  91.3296  57.8483  1.00271538 37432
EXPRESS-AM2             
1 28629U 05010A   15172.81543044 -.00000145  00000-0  00000+0 0  9998
2 28629   0.8584  83.5732 0001928 149.4842  50.1709  1.00271187 37463
APSTAR 6                
1 28638U 05012A   15173.25752080 -.00000325  00000-0  00000+0 0  9991
2 28638   0.0205  52.9714 0001832  37.3319  46.5094  1.00273341 62179
SPACEWAY 1              
1 28644U 05015A   15172.31695307 -.00000112  00000-0  00000+0 0  9999
2 28644   0.0220 116.1254 0000102 340.6153 183.6375  1.00270228 37268
DIRECTV 8               
1 28659U 05019A   15172.40416995 -.00000125  00000-0  00000+0 0  9997
2 28659   0.0105   2.9775 0003353  87.6782 223.2586  1.00272262 36931
GALAXY 28 (G-28)        
1 28702U 05022A   15170.13155633 -.00000199  00000-0  00000+0 0  9998
2 28702   0.0097 344.6286 0000327 268.5269 332.2160  1.00270480 36570
EXPRESS-AM3             
1 28707U 05023A   15172.41719500 -.00000331  00000-0  00000+0 0  9994
2 28707   0.0499 208.6546 0001674  57.8573 255.9582  1.00272025 36602
THAICOM 4               
1 28786U 05028A   15172.67962941 -.00000372  00000-0  00000+0 0  9998
2 28786   0.0365  49.8148 0002350  35.9478 188.0051  1.00263941 36094
GALAXY 14 (G-14)        
1 28790U 05030A   15172.39860586  .00000027  00000-0  00000+0 0  9993
2 28790   0.0140   1.2636 0002424  89.4452 197.0552  1.00272998 36067
ANIK F1R                
1 28868U 05036A   15172.34061169 -.00000084  00000-0  00000+0 0  9994
2 28868   0.0254 284.0610 0000312  87.0605 273.4068  1.00272252 35906
GALAXY 15 (G-15)        
1 28884U 05041A   15173.23981929  .00000071  00000-0  00000+0 0  9997
2 28884   0.0141 327.4314 0000865 103.2487 152.7513  1.00272780 35397
SYRACUSE 3A             
1 28885U 05041B   15169.90761337  .00000114  00000-0  00000+0 0  9994
2 28885   0.0403  62.8005 0001705  15.5955 202.1618  1.00274619 35473
INMARSAT 4-F2           
1 28899U 05044A   15170.08497692  .00000122  00000-0  00000+0 0  9992
2 28899   2.4416   1.5913 0002133  96.7323 224.3412  1.00273532 35237
TELKOM 2                
1 28902U 05046A   15171.81756346 -.00000374  00000-0  00000+0 0  9995
2 28902   0.0049 114.3027 0001524 339.5898 227.1090  1.00274658 35058
SPACEWAY 2              
1 28903U 05046B   15172.57326057 -.00000136  00000-0  00000+0 0  9998
2 28903   0.0164 205.3427 0000413 287.5829 243.8222  1.00272223 35254
INSAT-4A                
1 28911U 05049A   15172.81362546 -.00000174  00000-0  00000+0 0  9992
2 28911   0.0645 100.7789 0000719 359.7844 185.0352  1.00271991 34840
METEOSAT-9 (MSG-2)      
1 28912U 05049B   15171.93036884  .00000050  00000-0  00000+0 0  9990
2 28912   0.8282  57.3753 0001050 209.5892 345.9482  1.00269303 34821
EUTELSAT 172A (GE-23)   
1 28924U 05052A   15172.78711069 -.00000015  00000-0  00000+0 0  9998
2 28924   0.0617 348.2076 0005391 105.4331 271.3638  1.00271322 34742
ECHOSTAR 10             
1 28935U 06003A   15172.34241657 -.00000065  00000-0  00000+0 0  9995
2 28935   0.0175 341.3378 0001830 155.9443 145.0069  1.00272127 34266
HIMAWARI-7 (MTSAT-2)    
1 28937U 06004A   15173.26450080 -.00000250  00000-0  00000+0 0  9998
2 28937   0.0508  88.1770 0003000 359.5279  62.6285  1.00272176 34134
SPAINSAT                
1 28945U 06007A   15173.09874792 -.00000224  00000-0  00000+0 0  9992
2 28945   0.0413 235.5389 0002643 239.4619 160.5024  1.00273100 33998
EUTELSAT 9A             
1 28946U 06007B   15172.97469466  .00000053  00000-0  10000-3 0  9991
2 28946   0.0517  69.9946 0002703   3.3999 196.3344  1.00271031 34060
JCSAT-5A                
1 29045U 06010A   15172.67270811 -.00000337  00000-0  00000+0 0  9998
2 29045   0.0227 317.7233 0001687 145.2574 180.7797  1.00271657 33698
ASTRA 1KR               
1 29055U 06012A   15167.18051190  .00000104  00000-0  00000+0 0  9999
2 29055   0.0165 313.7063 0001552 193.0983 201.4828  1.00272986 33460
GOES 13                 
1 29155U 06018A   15172.20678639 -.00000260  00000-0  00000+0 0  9992
2 29155   0.1692 264.5205 0004186 194.1054 169.8893  1.00279465 33261
EUTELSAT 113 WEST A     
1 29162U 06020A   15173.23220758 -.00000045  00000-0  00000+0 0  9993
2 29162   0.0398 248.5276 0002831 204.2484 147.9048  1.00272138 33232
THAICOM 5               
1 29163U 06020B   15172.81512948 -.00000130  00000-0  00000+0 0  9997
2 29163   0.0355 296.5044 0002017 196.4822 148.6402  1.00272256 33284
GALAXY 16 (G-16)        
1 29236U 06023A   15172.44342368 -.00000137  00000-0  00000+0 0  9994
2 29236   0.0109  71.9249 0003340   9.6232 248.3918  1.00272179 33019
EUTELSAT HOT BIRD 13B   
1 29270U 06032A   15172.97336480  .00000078  00000-0  00000+0 0  9991
2 29270   0.0667 354.8243 0003248  67.6129 210.7929  1.00272788 32615
JCSAT-3A                
1 29272U 06033A   15172.67481461 -.00000354  00000-0  00000+0 0  9999
2 29272   0.0069   4.0395 0001859  72.9041 203.5387  1.00270390 32517
SYRACUSE 3B             
1 29273U 06033B   15172.82897041 -.00000053  00000-0  00000+0 0  9998
2 29273   0.0278  58.2932 0002804  28.4858 116.1273  1.00272011 32505
KOREASAT 5 (MUGUNGWHA 5)
1 29349U 06034A   15172.90548911 -.00000367  00000-0  00000+0 0  9999
2 29349   0.0161  45.0613 0000924  78.9163 224.8243  1.00272701 32397
ZHONGXING-22A           
1 29398U 06038A   15172.97418412 -.00000325  00000-0  00000+0 0  9990
2 29398   4.4985  62.6419 0005170  84.5795 214.7959  1.00273860 32179
DIRECTV 9S              
1 29494U 06043A   15172.56960066 -.00000123  00000-0  00000+0 0  9991
2 29494   0.0119  50.5361 0003186  39.6806 283.1816  1.00272097 31866
OPTUS D1                
1 29495U 06043B   15172.59250789 -.00000120  00000-0  00000+0 0  9996
2 29495   0.0180 353.1154 0003134 100.3498 189.3005  1.00271979 31891
XM-4 (BLUES)            
1 29520U 06049A   15171.33673424 -.00000035  00000-0  00000+0 0  9992
2 29520   0.0309 123.7699 0000313 135.8719  14.5476  1.00272090 31732
BADR-4                  
1 29526U 06051A   15172.94000347  .00000136  00000-0  10000-3 0  9993
2 29526   0.0513 326.2053 0002439  65.2494 242.7274  1.00271303 31643
FENGYUN 2D              
1 29640U 06053A   15172.97268970 -.00000205  00000-0  10000-3 0  9991
2 29640   3.0940  68.2208 0002497 117.0515 161.0540  1.00264609 31310
WILDBLUE-1              
1 29643U 06054A   15172.40388791 -.00000059  00000-0  00000+0 0  9999
2 29643   0.0047  34.2130 0001625  54.0028 215.2850  1.00271603 31291
AMC-18                  
1 29644U 06054B   15173.20489471 -.00000097  00000-0  00000+0 0  9998
2 29644   0.0179   5.9417 0002599  76.4132 156.5100  1.00271938 31315
MEASAT-3                
1 29648U 06056A   15172.55316890 -.00000251  00000-0  00000+0 0  9997
2 29648   0.0533 154.8979 0002980 310.9318  94.2453  1.00272978 31321
KIKU-8 (ETS-VIII)       
1 29656U 06059A   15171.59329087 -.00000252  00000-0  00000+0 0  9995
2 29656   4.2347  63.8700 0006386  20.6760 183.2186  1.00273366 31188
INSAT-4B                
1 30793U 07007A   15172.80551873 -.00000266  00000-0  00000+0 0  9993
2 30793   0.0715  94.1145 0000972 269.7324 289.2934  1.00270784 30337
SKYNET 5A               
1 30794U 07007B   15168.06836596  .00000026  00000-0  00000-0 0  9999
2 30794   0.0689   2.2206 0003593  77.9848 215.4409  1.00274653 30368
ANIK F3                 
1 31102U 07009A   15172.13446627 -.00000011  00000-0  00000+0 0  9994
2 31102   0.0123 101.3862 0002129   1.4500  95.8662  1.00271450 30087
ASTRA 1L                
1 31306U 07016A   15172.16829948  .00000110  00000-0  00000+0 0  9991
2 31306   0.0369 323.6032 0000595  65.0389 320.1921  1.00274317 29792
GALAXY 17 (G-17)        
1 31307U 07016B   15172.31315113 -.00000184  00000-0  00000+0 0  9995
2 31307   0.0216  19.3022 0002793  59.8358 211.7828  1.00272071 29821
ZHONGXING-6B            
1 31800U 07031A   15172.47214523 -.00000371  00000-0  00000+0 0  9998
2 31800   0.0153  56.8900 0001997  41.2233  96.7290  1.00270709 29226
DIRECTV 10              
1 31862U 07032A   15172.26911829 -.00000113  00000-0  00000+0 0  9991
2 31862   0.0041 276.7309 0000295 271.8579  74.6252  1.00271664 29156
SPACEWAY 3              
1 32018U 07036A   15172.19354225 -.00000162  00000-0  00000+0 0  9996
2 32018   0.0106 149.3720 0000387  16.2489  78.1652  1.00272395 28870
BSAT-3A                 
1 32019U 07036B   15172.03271566 -.00000361  00000-0  10000-3 0  9992
2 32019   0.0623 240.5785 0001373 306.6014 203.3555  1.00269846 28811
INSAT-4CR               
1 32050U 07037A   15171.90047457 -.00000088  00000-0  00000+0 0  9994
2 32050   0.0709  95.1346 0002853 180.7837  31.0181  1.00271823 28590
OPTUS D2                
1 32252U 07044A   15172.47302950 -.00000192  00000-0  00000+0 0  9997
2 32252   0.0162 344.7819 0002781  93.6429 153.2160  1.00273095 28210
INTELSAT 11 (IS-11)     
1 32253U 07044B   15172.25845589 -.00000279  00000-0  00000+0 0  9990
2 32253   0.0275 273.6091 0002917 176.4379 229.1282  1.00271665 28278
STAR ONE C1             
1 32293U 07056A   15172.25788417 -.00000287  00000-0  00000+0 0  9992
2 32293   0.0444 275.1833 0002292 203.3598 178.4290  1.00270969 27876
SKYNET 5B               
1 32294U 07056B   15171.11762705  .00000127  00000-0  00000+0 0  9991
2 32294   0.0606 354.4725 0003417  90.3212 249.9323  1.00275334 27956
ASTRA 4A (SIRIUS 4)     
1 32299U 07057A   15172.30286066  .00000022  00000-0  00000+0 0  9994
2 32299   0.0148   1.5959 0002676  87.5962 293.8081  1.00272603 27716
HORIZONS-2              
1 32388U 07063B   15172.09811839 -.00000193  00000-0  00000+0 0  9998
2 32388   0.0078 349.3676 0003073  98.0755 301.7006  1.00271768 27633
THURAYA-3               
1 32404U 08001A   15172.86327440 -.00000311  00000-0  00000+0 0  9997
2 32404   4.3768 347.1853 0004608  98.3220 233.6400  1.00271392 27288
EXPRESS-AM33            
1 32478U 08003A   15172.76195047 -.00000289  00000-0  00000+0 0  9999
2 32478   0.0284 228.1052 0001053   7.2011  45.0946  1.00270452 27389
THOR 5                  
1 32487U 08006A   15172.24664416 -.00000020  00000-0  00000+0 0  9999
2 32487   0.0313 263.3879 0002372 182.0215 271.7523  1.00270952 26926
KIZUNA (WINDS)          
1 32500U 08007A   15172.78945176 -.00000267  00000-0  00000+0 0  9993
2 32500   0.0686 270.0345 0002128 150.8043 276.0118  1.00271855 26807
AMC-14                  
1 32708U 08011A   15172.01083639  .00000128  00000-0  00000+0 0  9996
2 32708  17.7415  74.4189 0052726   3.8770 223.9106  1.00274647 27864
DIRECTV 11              
1 32729U 08013A   15173.19815543 -.00000134  00000-0  00000+0 0  9996
2 32729   0.0099 151.3691 0000137 289.7919 161.0490  1.00272019 26691
ICO G1                  
1 32763U 08016A   15168.26884476 -.00000186  00000-0  00000-0 0  9998
2 32763   4.1462 347.2399 0002526 103.9704 177.9262  1.00271716 26171
VINASAT-1               
1 32767U 08018A   15172.44752308 -.00000338  00000-0  00000+0 0  9995
2 32767   0.0110 359.4063 0001424  99.8423 103.1147  1.00272273 26352
STAR ONE C2             
1 32768U 08018B   15171.27910580 -.00000277  00000-0  00000+0 0  9996
2 32768   0.0046 358.6445 0002887 120.3426 179.6351  1.00269965 26295
TIANLIAN 1-01           
1 32779U 08019A   15172.86929189 -.00000145  00000-0  10000-3 0  9999
2 32779   1.3350  79.4504 0031200 219.3120   3.8531  1.00272989 26225
AMOS-3                  
1 32794U 08022A   15172.06020012 -.00000044  00000-0  00000+0 0  9992
2 32794   0.0484  94.1841 0000697 305.2642 247.1743  1.00274281 26195
GALAXY 18 (G-18)        
1 32951U 08024A   15173.14183736  .00000017  00000-0  00000+0 0  9991
2 32951   0.0093  31.8187 0002903  66.2899  99.9406  1.00273145 25856
CHINASAT 9 (ZX 9)       
1 33051U 08028A   15171.96359625 -.00000258  00000-0  00000+0 0  9995
2 33051   0.0066 321.8948 0003146 147.2455 238.7557  1.00272159 25767
SKYNET 5C               
1 33055U 08030A   15171.23392426 -.00000152  00000-0  00000+0 0  9991
2 33055   0.0664   4.7837 0003353  87.8142 241.9093  1.00271555 25659
TURKSAT 3A              
1 33056U 08030B   15171.83463109  .00000135  00000-0  00000+0 0  9995
2 33056   0.0639 152.7815 0003915 296.8962 161.4635  1.00272841 25824
INTELSAT 25 (IS-25)     
1 33153U 08034A   15170.11304759 -.00000239  00000-0  00000+0 0  9998
2 33153   0.0075 358.6009 0002230  79.2705 198.3073  1.00270357 25404
BADR-6                  
1 33154U 08034B   15172.06298287  .00000134  00000-0  00000+0 0  9996
2 33154   0.0685  34.7012 0005544  30.1027 252.7859  1.00272219 25510
ECHOSTAR 11             
1 33207U 08035A   15172.40392602 -.00000066  00000-0  00000+0 0  9995
2 33207   0.0107 347.3663 0002941 109.9514 207.3714  1.00271558 25406
SUPERBIRD-C2            
1 33274U 08038A   15172.61456370 -.00000260  00000-0  00000+0 0  9994
2 33274   0.0138  72.2654 0000859  51.8424 150.5854  1.00271110 25137
AMC-21                  
1 33275U 08038B   15172.39860586  .00000027  00000-0  00000+0 0  9998
2 33275   0.0166 356.1614 0002699 108.9904 182.7109  1.00269834 25219
INMARSAT 4-F3           
1 33278U 08039A   15172.53217425 -.00000149  00000-0  00000+0 0  9992
2 33278   3.0150 354.4533 0002646  86.9760 281.5701  1.00271102 25022
NIMIQ 4                 
1 33373U 08044A   15171.24507392 -.00000233  00000-0  00000+0 0  9990
2 33373   0.0010  96.7529 0001829 344.7353 192.8606  1.00271324 24636
GALAXY 19 (G-19)        
1 33376U 08045A   15170.50999993 -.00000153  00000-0  00000+0 0  9995
2 33376   0.0137  55.5491 0002551  30.4792 267.9652  1.00271516 24581
VENESAT-1               
1 33414U 08055A   15170.34077253 -.00000252  00000-0  00000+0 0  9997
2 33414   0.0375 179.4458 0001509 351.0155 141.4475  1.00271679 24303
ASTRA 1M                
1 33436U 08057A   15172.96292615  .00000112  00000-0  00000+0 0  9998
2 33436   0.0388  63.5685 0004352  47.2935 164.7943  1.00274304 24255
CIEL-2                  
1 33453U 08063A   15172.54235743  .00000049  00000-0  00000+0 0  9996
2 33453   0.0174 334.2142 0002732 143.9183 217.6797  1.00270239 23923
EUTELSAT HOT BIRD 13C   
1 33459U 08065A   15173.02033356  .00000079  00000-0  00000+0 0  9997
2 33459   0.0790  56.7317 0005727  29.1795 204.2799  1.00274611 24006
EUTELSAT 48D            
1 33460U 08065B   15173.10928508  .00000116  00000-0  00000+0 0  9992
2 33460   0.0548  31.2195 0002005  77.9735 248.2227  1.00274326 23862
FENGYUN 2E              
1 33463U 08066A   15172.55316890 -.00000216  00000-0  00000+0 0  9991
2 33463   2.6088  58.8711 0001814 156.6748 344.6387  1.00082534 23841
EXPRESS-AM44            
1 33595U 09007A   15172.82883319 -.00000098  00000-0  00000+0 0  9996
2 33595   0.0060  74.2204 0000886  75.6321  47.2129  1.00271770 23317
NSS-9                   
1 33749U 09008A   15172.77739894  .00000064  00000-0  00000+0 0  9992
2 33749   0.0191  17.7071 0002272  84.0687 270.7849  1.00281496 23326
EUTELSAT HOT BIRD 13D   
1 33750U 09008B   15173.02033356  .00000079  00000-0  00000+0 0  9999
2 33750   0.0304 351.3233 0001913 115.3632 183.5050  1.00274343 23351
TELSTAR 11N             
1 34111U 09009A   15171.14070394 -.00000264  00000-0  00000+0 0  9993
2 34111   0.0335  49.5265 0003050  78.5747 153.0247  1.00268229 23153
RADUGA-1 8              
1 34264U 09010A   15173.16261447 -.00000084  00000-0  10000-3 0  9994
2 34264   4.3123  76.1509 0008812 300.6752 214.8164  0.99817006 23106
EUTELSAT 10A            
1 34710U 09016A   15172.18056436  .00000058  00000-0  00000+0 0  9992
2 34710   0.0613 359.2478 0004828  93.4962 251.3067  1.00273014 22725
SES-7 (PROTOSTAR 2)     
1 34941U 09027A   15172.74138704 -.00000354  00000-0  10000-3 0  9996
2 34941   0.0496  56.5236 0001452 203.8584  24.3590  1.00270801 22388
MEASAT-3A               
1 35362U 09032A   15170.77503675 -.00000255  00000-0  00000+0 0  9999
2 35362   0.0479 203.8912 0001040 336.0725  98.2209  1.00270552 21978
GOES 14                 
1 35491U 09033A   15172.50139874 -.00000101  00000-0  00000+0 0  9992
2 35491   0.2538  97.4151 0002306  50.9872 196.8369  1.00270053 21903
SIRIUS FM-5             
1 35493U 09034A   15170.51017662 -.00000159  00000-0  00000+0 0  9997
2 35493   0.0090 292.9545 0000898   4.6962  57.3929  1.00271076 21724
TERRESTAR-1             
1 35496U 09035A   15171.30579922 -.00000068  00000-0  00000+0 0  9990
2 35496   3.5232 333.1326 0002408 124.1540 169.9869  1.00272558 21894
ASIASAT 5               
1 35696U 09042A   15172.03822704 -.00000318  00000-0  00000+0 0  9998
2 35696   0.0320  66.3051 0001884 327.3953 349.4517  1.00269908 21427
JCSAT-RA (JCSAT-12)     
1 35755U 09044A   15172.67481461 -.00000354  00000-0  00000+0 0  9997
2 35755   0.0599  50.9115 0001717  74.4019 155.0788  1.00271586 21414
OPTUS D3                
1 35756U 09044B   15171.58606722 -.00000159  00000-0  00000+0 0  9999
2 35756   0.0428  11.5678 0003195  51.4618 212.4351  1.00272319 21379
PALAPA D                
1 35812U 09046A   15172.90548911 -.00000366  00000-0  00000+0 0  9996
2 35812   0.0350  60.9752 0002199  45.6318 242.0914  1.00271094 21432
NIMIQ 5                 
1 35873U 09050A   15171.25940322 -.00000269  00000-0  00000+0 0  9999
2 35873   0.0193  56.0727 0002144  36.0803 196.6715  1.00272501 21106
AMAZONAS 2              
1 35942U 09054A   15171.19305815 -.00000295  00000-0  00000+0 0  9994
2 35942   0.0462 155.3190 0004423 319.2481 162.0003  1.00273945 20940
COMSATBW-1              
1 35943U 09054B   15172.94226641  .00000016  00000-0  00000+0 0  9998
2 35943   0.0648  50.2110 0002291  36.2662 225.5466  1.00271652 21010
NSS-12                  
1 36032U 09058A   15172.87549524  .00000062  00000-0  00000+0 0  9993
2 36032   0.0134 332.7774 0002192 108.1373 201.0022  1.00274049 20707
THOR 6                  
1 36033U 09058B   15172.12295319 -.00000020  00000-0  00000+0 0  9997
2 36033   0.0045  66.8198 0001845  40.9345 204.6486  1.00272183 20711
INTELSAT 14 (IS-14)     
1 36097U 09064A   15172.29198563 -.00000284  00000-0  00000+0 0  9997
2 36097   0.0171  42.0639 0002387  55.2932 231.9197  1.00271809 20457
EUTELSAT 36B            
1 36101U 09065A   15172.82999950  .00000147  00000-0  00000+0 0  9999
2 36101   0.0610 359.3201 0003152  91.0911 153.9923  1.00269975 20569
INTELSAT 15 (IS-15)     
1 36106U 09067A   15172.81151024 -.00000194  00000-0  00000+0 0  9990
2 36106   0.0099 344.4386 0002348 116.5586 185.9615  1.00270925 20358
DIRECTV 12              
1 36131U 09075A   15172.40411660 -.00000114  00000-0  00000+0 0  9999
2 36131   0.0189 119.4124 0000829 325.8586 226.7376  1.00278352 20139
BEIDOU G1               
1 36287U 10001A   15172.41434635 -.00000293  00000-0  10000-3 0  9993
2 36287   1.5509 356.1581 0002250 200.8744   1.5085  1.00273137 19925
RADUGA-1M 2             
1 36358U 10002A   15172.83133353 -.00000192  00000-0  00000+0 0  9995
2 36358   0.0244  29.0121 0002240 100.1827 164.7922  1.00266589 19760
SDO                     
1 36395U 10005A   15173.25320350 -.00000039  00000-0  00000+0 0  9991
2 36395  28.1301 153.6298 0001543 200.4863 265.1435  1.00270929 19795
INTELSAT 16 (IS-16)     
1 36397U 10006A   15170.34074966 -.00000248  00000-0  00000+0 0  9992
2 36397   0.0143   0.3056 0001692 106.2831 204.3171  1.00270937 19503
GOES 15                 
1 36411U 10008A   15172.52051631  .00000077  00000-0  00000+0 0  9996
2 36411   0.1790  99.8226 0001601 238.9080 343.6053  1.00260081 19437
ECHOSTAR 14             
1 36499U 10010A   15172.30899578 -.00000010  00000-0  00000+0 0  9999
2 36499   0.0015   4.4411 0003263  93.8003 163.2719  1.00271727 19286
SES-1                   
1 36516U 10016A   15172.40416234 -.00000124  00000-0  00000+0 0  9996
2 36516   0.0159 334.8096 0001966 106.2910 232.6613  1.00272516 18884
ASTRA 3B                
1 36581U 10021A   15172.06292189  .00000126  00000-0  00000+0 0  9998
2 36581   0.0544 351.6012 0004456 111.6230 211.8325  1.00271938 18539
COMSATBW-2              
1 36582U 10021B   15173.02033356  .00000080  00000-0  00000+0 0  9994
2 36582   0.0102 351.4285 0001257 105.2920 193.6792  1.00275332 18741
BEIDOU G3               
1 36590U 10024A   15172.41689315 -.00000365  00000-0  00000+0 0  9997
2 36590   1.5709  31.7162 0004692 305.6931 192.4723  1.00276174 18538
BADR-5                  
1 36592U 10025A   15171.92871144  .00000134  00000-0  00000+0 0  9991
2 36592   0.0083   7.1801 0002889 121.0137 140.9299  1.00272048 18666
COMS 1                  
1 36744U 10032A   15172.67481461 -.00000353  00000-0  00000+0 0  9994
2 36744   0.0125  49.8298 0000709  45.6382 185.1969  1.00271547 18407
ARABSAT-5A              
1 36745U 10032B   15172.93729508  .00000145  00000-0  00000+0 0  9999
2 36745   0.0514 357.8031 0003007  75.4283 204.4901  1.00270281 18395
ECHOSTAR 15             
1 36792U 10034A   15172.29198565 -.00000284  00000-0  00000+0 0  9990
2 36792   0.0246 329.6368 0002399 139.0211 220.5247  1.00270596 18144
BEIDOU IGSO 1           
1 36828U 10036A   15173.05841958 -.00000097  00000-0  10000-3 0  9995
2 36828  54.3067 200.7000 0041074 213.0628 356.1424  1.00289003 17973
NILESAT 201             
1 36830U 10037A   15171.06333124 -.00000070  00000-0  10000-3 0  9990
2 36830   0.0505 177.6735 0005654 274.1746 191.9152  1.00271878 18022
RASCOM-QAF 1R           
1 36831U 10037B   15171.99244003  .00000007  00000-0  00000+0 0  9994
2 36831   0.0156  46.7421 0003508  44.0111 178.2873  1.00270910 18034
CHINASAT 6A (ZX 6A)     
1 37150U 10042A   15172.41659221 -.00000363  00000-0  00000+0 0  9991
2 37150   0.0473 148.6843 0001258 211.2640 184.3642  1.00273869 17651
XM-5                    
1 37185U 10053A   15172.51286645 -.00000215  00000-0  00000+0 0  9994
2 37185   0.0242 307.4361 0001038  54.7238   6.6386  1.00272061 17207
BSAT-3B                 
1 37207U 10056B   15171.89393521 -.00000361  00000-0  00000+0 0  9996
2 37207   0.0748 308.7491 0002419  44.1401 347.5215  1.00268066 17028
BEIDOU G4               
1 37210U 10057A   15172.59234907 -.00000121  00000-0  00000+0 0  9995
2 37210   0.7792  43.0264 0006629 149.9928  89.6939  1.00271328 17055
SKYTERRA 1              
1 37218U 10061A   15172.40415471 -.00000128  00000-0  00000+0 0  9992
2 37218   4.1052 324.8288 0009317 174.0290 174.6015  1.00271866 16971
ZHONGXING-20A           
1 37234U 10064A   15171.69078378 -.00000349  00000-0  00000+0 0  9999
2 37234   0.0143 264.3018 0002379 198.9996 183.9829  1.00268673 16779
HYLAS 1                 
1 37237U 10065A   15172.89422306 -.00000242  00000-0  00000+0 0  9992
2 37237   0.0224   8.9732 0001688 108.8298  80.3798  1.00269889 16768
INTELSAT 17 (IS-17)     
1 37238U 10065B   15173.10971197 -.00000010  00000-0  00000+0 0  9998
2 37238   0.0084 310.2360 0002541 134.3881 290.8279  1.00272125 16703
BEIDOU IGSO 2           
1 37256U 10068A   15172.91507836 -.00000238  00000-0  10000-3 0  9991
2 37256  53.9909 319.6882 0036517 201.9489 195.2165  1.00297580 16561
EUTELSAT KA-SAT 9A      
1 37258U 10069A   15172.97469466  .00000053  00000-0  10000-3 0  9990
2 37258   0.0305 309.7139 0004110 169.6974 150.2719  1.00274115 16570
HISPASAT 1E             
1 37264U 10070A   15172.38020811 -.00000226  00000-0  00000+0 0  9999
2 37264   0.0570 122.8822 0004382 348.9341 264.3106  1.00271272 16427
KOREASAT 6              
1 37265U 10070B   15171.71337801 -.00000373  00000-0  00000+0 0  9999
2 37265   0.0169  39.7617 0001909  52.0407 189.6112  1.00272401 16430
ELEKTRO-L 1 (GOMS 2)    
1 37344U 11001A   15172.83108197 -.00000107  00000-0  10000-3 0  9990
2 37344   0.9860  80.7490 0002555 286.7065 277.3594  1.00280445 16227
BEIDOU IGSO 3           
1 37384U 11013A   15173.06571300 -.00000190  00000-0  10000-3 0  9995
2 37384  56.9460  80.5704 0024578 191.7495 139.9488  1.00255739 15430
INTELSAT NEW DAWN       
1 37392U 11016A   15172.16121005  .00000145  00000-0  00000+0 0  9994
2 37392   0.0219 328.2603 0000436 136.0283 255.7162  1.00273494 15293
YAHSAT 1A               
1 37393U 11016B   15172.55273109  .00000091  00000-0  00000+0 0  9991
2 37393   0.0275  42.8727 0001116  69.4102  48.5918  1.00274747 15331
TELSTAR 14R             
1 37602U 11021A   15172.28032950 -.00000290  00000-0  00000+0 0  9999
2 37602   0.0185   2.0239 0000616 323.0271 342.0071  1.00270853 15538
GSAT-8                  
1 37605U 11022A   15172.10646288  .00000074  00000-0  00000+0 0  9998
2 37605   0.0625 102.2524 0003568 179.8679  80.2125  1.00273536 14999
ST-2                    
1 37606U 11022B   15172.80940376 -.00000220  00000-0  00000+0 0  9995
2 37606   0.0109  85.5012 0000477   7.2654 196.3001  1.00271492 15010
CHINASAT 10 (ZX 10)     
1 37677U 11026A   15172.41689315 -.00000362  00000-0  10000-3 0  9999
2 37677   0.0145 287.3161 0004995 285.8986 316.6666  1.00270702 14720
TIANLIAN 1-02           
1 37737U 11032A   15172.84678223 -.00000057  00000-0  10000-3 0  9997
2 37737   1.1164  80.6017 0026593 192.1346 108.8049  1.00272853 14479
GSAT-12                 
1 37746U 11034A   15168.89726527 -.00000181  00000-0  00000-0 0  9994
2 37746   0.0152 270.2662 0006829 200.2621 201.3036  1.00271501 14681
SES-3                   
1 37748U 11035A   15172.40410897 -.00000112  00000-0  00000+0 0  9992
2 37748   0.0150 349.3075 0000698  54.7302 267.7014  1.00271506 14444
KAZSAT-2                
1 37749U 11035B   15172.83137927 -.00000207  00000-0  00000+0 0  9995
2 37749   0.0502 147.0137 0000321  88.1821  60.3185  1.00271900 14352
BEIDOU IGSO 4           
1 37763U 11038A   15173.04355684 -.00000044  00000-0  10000-3 0  9994
2 37763  54.6178 202.9467 0037190 208.1047 330.3912  1.00277138 14400
ASTRA 1N                
1 37775U 11041A   15172.16829948  .00000109  00000-0  00000+0 0  9998
2 37775   0.0696  28.9645 0005397  29.8686 289.9646  1.00273122 14152
BSAT-3C (JCSAT-110R)    
1 37776U 11041B   15172.92432802 -.00000359  00000-0  00000+0 0  9990
2 37776   0.0164  31.9159 0000507 258.5013  62.0976  1.00272956 14295
PAKSAT-1R               
1 37779U 11042A   15172.68332626  .00000145  00000-0  00000+0 0  9992
2 37779   0.0540 111.8143 0002647 316.2423 125.4586  1.00273958 14071
CHINASAT 1A (ZX 1A)     
1 37804U 11047A   15171.68937291 -.00000349  00000-0  00000+0 0  9991
2 37804   0.0485 128.5682 0001904 146.5975  11.4510  1.00270628 13837
COSMOS 2473             
1 37806U 11048A   15172.81543044 -.00000144  00000-0  00000+0 0  9992
2 37806   0.0239  53.8704 0002508 143.4554  85.8240  1.00270547 13825
SES-2                   
1 37809U 11049A   15172.36821454 -.00000206  00000-0  00000+0 0  9999
2 37809   0.0136 359.7428 0002783  88.0196 227.0288  1.00272217 13778
ARABSAT-5C              
1 37810U 11049B   15172.16829948  .00000113  00000-0  00000+0 0  9991
2 37810   0.0650  14.1854 0003803 110.1300 225.3019  1.00273586 13711
EUTELSAT 7 WEST A       
1 37816U 11051A   15173.09458125 -.00000068  00000-0  10000-3 0  9993
2 37816   0.0627   6.6525 0003340 137.2480 152.7943  1.00272197 13724
QUETZSAT 1              
1 37826U 11054A   15172.38238406 -.00000252  00000-0  00000+0 0  9996
2 37826   0.0231 321.5151 0003100 119.3108 249.0842  1.00272565 13842
INTELSAT 18 (IS-18)     
1 37834U 11056A   15171.70297145  .00000041  00000-0  00000+0 0  9992
2 37834   0.0032   5.9176 0001380  75.9723 259.7220  1.00271781 13621
EUTELSAT 16A            
1 37836U 11057A   15173.18576608  .00000096  00000-0  00000+0 0  9993
2 37836   0.0626   2.5408 0004042  84.3359 266.0227  1.00273540 13555
VIASAT-1                
1 37843U 11059A   15170.54113507 -.00000037  00000-0  10000-3 0  9996
2 37843   0.0029 341.3121 0001909  93.3220 272.4860  1.00272519 14002
ASIASAT 7               
1 37933U 11069A   15172.83189001 -.00000342  00000-0  00000+0 0  9997
2 37933   0.0138 295.1496 0001532 102.7928 276.7279  1.00270824 13227
BEIDOU IGSO 5           
1 37948U 11073A   15170.01793098 -.00000179  00000-0  10000-3 0  9996
2 37948  54.0875 319.1608 0031639 197.6967 209.4170  1.00257776 13133
AMOS-5                  
1 37950U 11074A   15172.82951163  .00000100  00000-0  00000+0 0  9998
2 37950   0.0219 265.1901 0001433 229.3426  90.7578  1.00270931 13026
LUCH 5A                 
1 37951U 11074B   15172.53704970 -.00000053  00000-0  00000+0 0  9997
2 37951   2.2418 235.8076 0003320 225.3442 168.5672  1.00273410 12944
NIGCOMSAT 1R            
1 38014U 11077A   15172.83016721  .00000136  00000-0  00000+0 0  9995
2 38014   0.0468 138.1997 0007663  51.2626  61.4615  1.00272906 12810
FENGYUN 2F              
1 38049U 12002A   15172.66248981 -.00000366  00000-0  10000-3 0  9999
2 38049   0.2944  51.3432 0002199 177.9755  30.6623  1.00278958 12648
SES-4                   
1 38087U 12007A   15172.89392096 -.00000177  00000-0  00000+0 0  9993
2 38087   0.0184   6.1839 0001984  69.9681 133.4104  1.00271968 12260
BEIDOU G5               
1 38091U 12008A   15172.16463281  .00000046  00000-0  00000+0 0  9998
2 38091   1.1513  30.1327 0001649 118.6138 238.1911  1.00273602 12221
INTELSAT 22 (IS-22)     
1 38098U 12011A   15172.83098287 -.00000068  00000-0  00000+0 0  9998
2 38098   0.0248   9.9055 0001798  88.5232 182.5193  1.00273086 11812
APSTAR 7                
1 38107U 12013A   15173.11004858 -.00000110  00000-0  00000+0 0  9992
2 38107   0.0338  33.0606 0002581  52.4442 300.5710  1.00271545 11935
YAHSAT 1B               
1 38245U 12016A   15172.12032321  .00000116  00000-0  00000+0 0  9999
2 38245   0.0204 340.8496 0000765 115.5653 263.5938  1.00269922 11670
JCSAT-13                
1 38331U 12023A   15172.97519471 -.00000365  00000-0  00000+0 0  9999
2 38331   0.0192  40.2269 0001847 100.7526 243.9239  1.00271233 11346
VINASAT-2               
1 38332U 12023B   15171.88758948 -.00000341  00000-0  00000+0 0  9997
2 38332   0.0270 347.3270 0002017 100.8008 271.8953  1.00270648 11378
NIMIQ 6                 
1 38342U 12026A   15172.31315138 -.00000184  00000-0  00000+0 0  9995
2 38342   0.0168  35.1015 0002091  43.2422 212.4644  1.00271124 11341
CHINASAT 2A (ZX 2A)     
1 38352U 12028A   15171.98022425 -.00000304  00000-0  00000+0 0  9998
2 38352   0.0216 115.7630 0000420  13.7992 230.4334  1.00274643 11392
INTELSAT 19 (IS-19)     
1 38356U 12030A   15169.80082259 -.00000071  00000-0  00000+0 0  9995
2 38356   0.0187  12.3230 0002639  75.2718 273.3926  1.00271764 11242
ECHOSTAR 17             
1 38551U 12035A   15170.50559626 -.00000089  00000-0  00000+0 0  9992
2 38551   0.0015 321.2281 0002384 121.3047 259.7742  1.00272496 10855
METEOSAT-10 (MSG-3)     
1 38552U 12035B   15173.14134172 -.00000011  00000-0  00000+0 0  9996
2 38552   0.0567  78.6020 0000195 327.3097 275.1913  1.00263031 10973
SES-5                   
1 38652U 12036A   15172.23870184  .00000023  00000-0  00000+0 0  9999
2 38652   0.0784 273.5022 0002530 180.0191 266.5002  1.00267189 10822
TIANLIAN 1-03           
1 38730U 12040A   15171.83397551  .00000097  00000-0  00000+0 0  9999
2 38730   0.0298 271.5018 0004302 285.5544  28.6329  1.00274136 10733
INTELSAT 20 (IS-20)     
1 38740U 12043A   15171.90033736 -.00000035  00000-0  00000+0 0  9996
2 38740   0.0186 304.1347 0000950  12.3120 344.9421  1.00272016 10573
HYLAS 2                 
1 38741U 12043B   15172.93699413  .00000145  00000-0  00000+0 0  9992
2 38741   0.0161  11.8195 0002000 119.9310 146.3509  1.00269052 10604
INTELSAT 21 (IS-21)     
1 38749U 12045A   15169.27050398 -.00000300  00000-0  00000+0 0  9992
2 38749   0.0121  11.4274 0002363  89.2070 204.9158  1.00270483 10360
ASTRA 2F                
1 38778U 12051A   15173.12021675  .00000142  00000-0  00000+0 0  9999
2 38778   0.0458 209.5632 0001356 336.6074 155.2375  1.00272739 10047
GSAT-10                 
1 38779U 12051B   15172.81362546 -.00000174  00000-0  00000+0 0  9996
2 38779   0.0918  92.3124 0002566 201.2666 351.9857  1.00272518 10046
INTELSAT 23 (IS-23)     
1 38867U 12057A   15172.17240892 -.00000295  00000-0  00000+0 0  9992
2 38867   0.0107  49.3813 0003001 118.5762 110.0994  1.00271179  9869
BEIDOU G6               
1 38953U 12059A   15172.81543044 -.00000146  00000-0  10000-3 0  9996
2 38953   0.2118  50.5154 0001378  78.0580 154.7256  1.00273085  9802
LUCH 5B                 
1 38977U 12061A   15172.36704970 -.00000139  00000-0  00000+0 0  9999
2 38977   2.0880  81.0956 0002564  71.7363 232.3037  1.00270826  9923
YAMAL 300K              
1 38978U 12061B   15172.77739894  .00000062  00000-0  00000+0 0  9992
2 38978   0.0237  43.1165 0000640 184.3978 144.9573  1.00274018  9633
STAR ONE C3             
1 38991U 12062A   15172.46021150 -.00000259  00000-0  00000+0 0  9992
2 38991   0.0674  89.5725 0001274   9.3808 261.0537  1.00270534  9619
EUTELSAT 21B            
1 38992U 12062B   15173.00760208  .00000122  00000-0  00000+0 0  9996
2 38992   0.0620 356.3418 0002011  90.5647 207.2719  1.00273210  9627
ECHOSTAR 16             
1 39008U 12065A   15170.47879750 -.00000296  00000-0  10000-3 0  9997
2 39008   0.0028  15.9500 0002795  60.4002 301.8797  1.00270841  9543
CHINASAT 12 (ZX 12)     
1 39017U 12067A   15172.80940376 -.00000216  00000-0  00000+0 0  9998
2 39017   0.0267  57.9657 0002589  40.9095 189.6823  1.00271473  9468
EUTELSAT 70B            
1 39020U 12069A   15172.83093713 -.00000052  00000-0  00000+0 0  9999
2 39020   0.0710  23.8493 0002739  71.1953 184.2654  1.00272837  9368
YAMAL 402               
1 39022U 12070A   15172.87730079  .00000077  00000-0  10000-3 0  9991
2 39022   0.0252 287.2159 0002422 164.4189 188.8373  1.00273198  9350
SKYNET 5D               
1 39034U 12075A   15172.10642766  .00000089  00000-0  00000+0 0  9998
2 39034   0.0671 359.7171 0003501  91.1159 269.1996  1.00272495  9273
MEXSAT 3                
1 39035U 12075B   15171.33674186 -.00000038  00000-0  10000-3 0  9994
2 39035   0.0266 196.1532 0001300 242.1851 196.3218  1.00273807  9210
TDRS 11                 
1 39070U 13004A   15172.54047860  .00000083  00000-0  00000+0 0  9997
2 39070   6.2406 329.9355 0008386 265.3578  57.7804  1.00280170  8756
AMAZONAS 3              
1 39078U 13006A   15171.19305815 -.00000295  00000-0  10000-3 0  9995
2 39078   0.0267 188.9882 0001680 329.2721 118.3305  1.00271193  8709
AZERSPACE 1             
1 39079U 13006B   15171.09476573  .00000120  00000-0  00000+0 0  9996
2 39079   0.0102  46.2052 0001383  57.1893 244.6720  1.00272480  8681
EUTELSAT 117 WEST A     
1 39122U 13012A   15170.58141915 -.00000027  00000-0  00000+0 0  9991
2 39122   0.0284 317.5867 0002597 132.5737 269.8694  1.00269179  8211
ANIK G1                 
1 39127U 13014A   15171.58332404 -.00000086  00000-0  00000+0 0  9999
2 39127   0.0231  35.8976 0002155  29.2357 306.0105  1.00271778  8016
CHINASAT 11 (ZX 11)     
1 39157U 13020A   15172.04362367 -.00000302  00000-0  00000+0 0  9993
2 39157   0.0154  66.8762 0000826 167.8758 147.8688  1.00274117  7901
EUTELSAT 7B             
1 39163U 13022A   15172.82926008  .00000039  00000-0  00000+0 0  9992
2 39163   0.0475  30.4816 0004245   0.9629 183.7706  1.00273501  7753
SES-6                   
1 39172U 13026A   15172.36468611 -.00000271  00000-0  00000+0 0  9995
2 39172   0.0207 337.0126 0002196 126.0282 256.9764  1.00271047  7495
IRNSS-1A                
1 39199U 13034A   15167.02822270  .00000102  00000-0  00000-0 0  9998
2 39199  27.7628 128.0258 0020268 194.2308   6.9819  1.00276670  7342
ALPHASAT                
1 39215U 13038A   15172.18345737  .00000129  00000-0  00000+0 0  9990
2 39215   0.8634  33.9590 0005188 329.5732 356.4634  1.00267458  7028
INSAT-3D                
1 39216U 13038B   15171.02760736 -.00000169  00000-0  00000+0 0  9998
2 39216   0.0422 284.8211 0000689 184.8529 250.3244  1.00271519  7044
EUTELSAT 25B            
1 39233U 13044A   15172.94000347  .00000135  00000-0  00000+0 0  9993
2 39233   0.0432 358.0237 0001288  83.4663 192.1898  1.00271366  6660
GSAT-7                  
1 39234U 13044B   15171.90048220 -.00000088  00000-0  00000+0 0  9999
2 39234   0.0996  91.1247 0007470 187.4101  28.4068  1.00272263  6648
AMOS-4                  
1 39237U 13045A   15173.10968910 -.00000001  00000-0  00000+0 0  9999
2 39237   0.0221 282.3985 0000946 186.5883 265.4670  1.00272248  6659
ASTRA 2E                
1 39285U 13056A   15172.16799854  .00000140  00000-0  10000-3 0  9996
2 39285   0.0455 346.2478 0001424 112.3274 259.2897  1.00273245  6336
SIRIUS FM-6             
1 39360U 13058A   15172.47288275 -.00000027  00000-0  00000+0 0  9996
2 39360   0.0063   2.0391 0000873 269.4928  51.8849  1.00272382  6090
RADUGA-1M 3             
1 39375U 13062A   15172.48884479 -.00000049  00000-0  00000+0 0  9990
2 39375   0.0360  52.3094 0001999  58.0626  44.9725  1.00272767  5880
SES-8                   
1 39460U 13071A   15171.75734464 -.00000280  00000-0  00000+0 0  9999
2 39460   0.0101 293.6950 0001906 158.3658 184.1889  1.00270218  5614
INMARSAT 5-F1           
1 39476U 13073A   15172.07904767  .00000018  00000-0  00000+0 0  9997
2 39476   0.0285 319.6233 0000328 186.7950 213.5838  1.00269004  5683
TKSAT-1 (TUPAC KATARI)  
1 39481U 13075A   15171.49674518 -.00000207  00000-0  00000+0 0  9999
2 39481   0.0086 154.2144 0001899 306.4934 259.3050  1.00273566  5591
EXPRESS-AM5             
1 39487U 13077A   15172.85518495 -.00000289  00000-0  00000+0 0  9999
2 39487   0.0276 182.2946 0001119 165.0676  10.2564  1.00271892  6131
GSAT-14                 
1 39498U 14001A   15171.90047457 -.00000088  00000-0  00000+0 0  9996
2 39498   0.0331 254.5063 0000819 186.0711 226.3650  1.00271266  5328
THAICOM 6               
1 39500U 14002A   15171.03786830 -.00000134  00000-0  00000+0 0  9992
2 39500   0.0723 140.5731 0005009 348.2052 231.2575  1.00272626  5275
TDRS 12                 
1 39504U 14004A   15171.88204292 -.00000283  00000-0  00000+0 0  9993
2 39504   6.6569 337.4035 0001760 184.2238  23.6572  1.00278245  5191
ABS-2                   
1 39508U 14006A   15172.83105910 -.00000095  00000-0  00000+0 0  9993
2 39508   0.0311  46.2076 0002166  40.4423 197.1318  1.00271857  5083
ATHENA-FIDUS            
1 39509U 14006B   15173.19303626  .00000146  00000-0  00000+0 0  9994
2 39509   0.0151  11.9293 0000832 117.4766 247.9669  1.00276008  5276
TURKSAT 4A              
1 39522U 14007A   15169.90371266  .00000131  00000-0  10000-3 0  9998
2 39522   0.0412 279.0755 0000883  50.2756 304.7981  1.00274167  4935
EXPRESS-AT1             
1 39612U 14010A   15167.68291920  .00000062  00000-0  00000-0 0  9992
2 39612   0.0473 193.4897 0000857  32.4939 340.4748  1.00271434  4756
EXPRESS-AT2             
1 39613U 14010B   15172.85518495 -.00000290  00000-0  00000+0 0  9990
2 39613   0.0442 201.6552 0000177 158.2416 357.5218  1.00271195  4637
AMAZONAS 4A             
1 39616U 14011A   15173.21411716 -.00000290  00000-0  00000+0 0  9993
2 39616   0.0315  32.7827 0004482  32.8553 220.5531  1.00270833  4623
ASTRA 5B                
1 39617U 14011B   15172.16521497  .00000144  00000-0  00000+0 0  9992
2 39617   0.0337  35.0216 0002295  56.2907 268.7062  1.00271989  4625
IRNSS-1B                
1 39635U 14017A   15172.93441343  .00000047  00000-0  00000+0 0  9996
2 39635  30.3392 306.0849 0021573 179.4185 175.6477  1.00274085  4559
LUCH 5V                 
1 39727U 14023A   15164.60264648 -.00000284  00000-0  00000-0 0  9996
2 39727   4.0735 301.0821 0002929 157.7578 114.4513  1.00270316522194
KAZSAT 3                
1 39728U 14023B   15172.93411248  .00000053  00000-0  00000+0 0  9994
2 39728   0.0423 182.7453 0000654  99.5094  22.2913  1.00269789  4196
EUTELSAT 3B             
1 39773U 14030A   15171.24663556  .00000007  00000-0  00000+0 0  9995
2 39773   0.0724  37.0028 0003755 114.2775 208.7316  1.00272029  3969
ASIASAT 8               
1 40107U 14046A   15172.83188238 -.00000342  00000-0  00000+0 0  9993
2 40107   0.0070 353.3874 0001276 111.9833 209.1090  1.00270607  3250
ASIASAT 6               
1 40141U 14052A   15171.92024915 -.00000373  00000-0  00000+0 0  9992
2 40141   0.0290  79.0841 0000564  21.4469 259.4672  1.00272802  2912
OPTUS 10                
1 40146U 14054A   15172.47333441 -.00000084  00000-0  00000+0 0  9996
2 40146   0.0034  49.9957 0002377   9.0538 184.6694  1.00272155  2879
MEASAT-3B               
1 40147U 14054B   15172.55316890 -.00000251  00000-0  10000-3 0  9996
2 40147   0.0267  11.1990 0001812  57.3207 131.5335  1.00270755  2921
LUCH (OLYMP)            
1 40258U 14058A   15172.88602749 -.00000156  00000-0  00000+0 0  9999
2 40258   0.0410 205.3551 0002180 153.2234 212.3723  1.00220563  2694
HIMAWARI 8              
1 40267U 14060A   15172.85518495 -.00000285  00000-0  00000+0 0  9996
2 40267   0.0282  79.5910 0000334  47.3038 231.3485  1.00270527  2618
IRNSS-1C                
1 40269U 14061A   15172.83128017 -.00000170  00000-0  10000-3 0  9992
2 40269   4.4745 268.5946 0018785   7.0458  16.2852  1.00275751  2587
INTELSAT 30 (IS-30)     
1 40271U 14062A   15171.51841249 -.00000163  00000-0  00000+0 0  9996
2 40271   0.0111   1.5021 0001631   6.0991 352.3926  1.00273111  2529
ARSAT 1                 
1 40272U 14062B   15171.45433424 -.00000271  00000-0  00000+0 0  9992
2 40272   0.0326 327.1953 0001253 104.8620 287.9564  1.00269832  2633
EXPRESS-AM6             
1 40277U 14064A   15171.89993334  .00000087  00000-0  00000+0 0  9992
2 40277   0.0093 241.7241 0000115  23.5260  20.4522  1.00271757  2445
GSAT 16                 
1 40332U 14078A   15171.00448868  .00000072  00000-0  00000+0 0  9993
2 40332   0.0125 282.2852 0006911 162.9797 239.2864  1.00272369  1992
DIRECTV 14              
1 40333U 14078B   15172.52739952 -.00000135  00000-0  00000+0 0  9990
2 40333   0.0234   7.8232 0000091 114.2706 237.9071  1.00269385  2002
YAMAL 401               
1 40345U 14082A   15172.83147074 -.00000236  00000-0  00000+0 0  9992
2 40345   0.0066 225.5679 0000752  29.3412  44.0103  1.00268474  2164
ASTRA 2G                
1 40364U 14089A   15167.24102554  .00000132  00000-0  00000-0 0  9998
2 40364   0.0473  54.4659 0002715 352.7278 331.9855  1.00252128  1731
FENGYUN 2G              
1 40367U 14090A   15172.91223891 -.00000335  00000-0  00000+0 0  9996
2 40367   1.9322 276.9304 0005146 255.9865 169.6321  1.00259779  1803
INMARSAT 5-F2           
1 40384U 15005A   15172.31515234 -.00000166  00000-0  00000+0 0  9993
2 40384   0.0471  75.5978 0000895 284.5420   2.3252  1.00270848  1433
EXPRESS-AM7             
1 40505U 15012A   15172.17973042  .00000140  00000-0  00000+0 0  9996
2 40505   0.0120  26.8656 0002473  60.3002 286.5602  1.00273655  1110
THOR 7                  
1 40613U 15022A   15172.12295319 -.00000019  00000-0  00000+0 0  9992
2 40613   0.0227 208.7997 0002183 233.0365 230.7512  1.00272802   580
TURKMENALEM52E/MONACOSAT
1 40617U 15023A   15172.55273109  .00000094  00000-0  00000+0 0  9999
2 40617   0.0544  77.1374 0001125  57.3834  25.8758  1.00273015   601
