COSMOS 2419 (714)       
1 28915C 05050A   15102.99981482  .00000005  00000-0  00000-0 0  1025
2 28915  65.1456  92.7275 0017824 343.4807 190.6737  2.13107206    13
COSMOS 2425 (716)       
1 29670C 06062A   15169.99981482 -.00000003  00000-0  00000-0 0  1693
2 29670  65.7752 329.3820 0020783 350.9330 170.2592  2.13105089    14
COSMOS 2426 (717)       
1 29671C 06062B   15169.99981482 -.00000003  00000-0  00000-0 0  1694
2 29671  65.7922 329.4558 0017888 159.4074 225.2997  2.13103167    17
COSMOS 2424 (715)       
1 29672C 06062C   15169.99981482 -.00000003  00000-0  00000-0 0  1695
2 29672  65.7769 329.3910 0017296 158.0079  43.9980  2.13102470    14
COSMOS 2433 (720)       
1 32275C 07052A   15169.99981482 -.00000004  00000-0  00000-0 0  1699
2 32275  65.1834  90.2290 0002976 285.2291  67.2370  2.13104908    17
COSMOS 2432 (719)       
1 32276C 07052B   15169.99981482 -.00000004  00000-0  00000-0 0  1690
2 32276  65.1956  90.2888 0013177 338.6353 328.5033  2.13104437    19
COSMOS 2434 (721)       
1 32393C 07065A   15169.99981482 -.00000003  00000-0  00000-0 0  1693
2 32393  65.3961 328.8779 0005986 106.9118 140.7654  2.13103093    10
COSMOS 2436 (723)       
1 32395C 07065C   15169.99981482 -.00000003  00000-0  00000-0 0  1695
2 32395  65.4090 328.9145 0016406   0.4958 339.1860  2.13103060    10
COSMOS 2456 (730)       
1 36111C 09070A   15169.99981482  .00000007  00000-0  00000-0 0  1696
2 36111  64.1967 208.5514 0006195 295.8483 119.4632  2.13103237    11
COSMOS 2457 (733)       
1 36112C 09070B   15169.99981482  .00000007  00000-0  00000-0 0  1697
2 36112  64.1786 208.4867 0007183 185.0093   2.3084  2.13101781    19
COSMOS 2458 (734)       
1 36113C 09070C   15169.99981482  .00000007  00000-0  00000-0 0  1698
2 36113  64.1841 208.4897 0002245 283.4647 310.8766  2.13102210    19
COSMOS 2459 (731)       
1 36400C 10007A   15169.99981482 -.00000004  00000-0  00000-0 0  1697
2 36400  65.0896  89.4263 0030003 353.0027 228.0663  2.13102446    18
COSMOS 2461 (735)       
1 36401C 10007B   15169.99981482 -.00000004  00000-0  00000-0 0  1698
2 36401  65.0824  89.4111 0005949  64.0350  67.5601  2.13102658    14
COSMOS 2460 (732)       
1 36402C 10007C   15169.99981482 -.00000004  00000-0  00000-0 0  1699
2 36402  65.0725  89.3925 0000978 338.5961 195.4301  2.13102023    15
COSMOS 2466 (738)       
1 37137C 10041A   15169.99981482 -.00000003  00000-0  00000-0 0  1692
2 37137  64.9803 329.1683 0021837 149.0159 322.4220  2.13102499    12
COSMOS 2465 (737)       
1 37138C 10041B   15169.99981482 -.00000003  00000-0  00000-0 0  1693
2 37138  64.9970 329.2343 0035578 164.9103 128.7725  2.13102983    19
COSMOS 2464 (736)       
1 37139C 10041C   15169.99981482 -.00000003  00000-0  00000-0 0  1694
2 37139  64.9990 329.2259 0021753  19.4026  48.8139  2.13102999    14
COSMOS 2471 (701)       
1 37372C 11009A   15102.99981482  .00000005  00000-0  00000-0 0  1023
2 37372  65.0467  91.6145 0009103 244.7626 140.3995  2.13102629    10
COSMOS 2474 (742)       
1 37829C 11055A   15169.99981482  .00000007  00000-0  00000-0 0  1699
2 37829  64.5205 208.8131 0010447 255.1527  23.2242  2.13102104    19
COSMOS 2476 (744)       
1 37867C 11064A   15169.99981482  .00000007  00000-0  00000-0 0  1691
2 37867  64.5006 208.9039 0019124 250.8198  73.2282  2.13102255    11
COSMOS 2477 (745)       
1 37868C 11064B   15169.99981482  .00000007  00000-0  00000-0 0  1692
2 37868  64.5090 208.9404 0017125 252.0907 251.4364  2.13102141    17
COSMOS 2475 (743)       
1 37869C 11064C   15169.99981482  .00000007  00000-0  00000-0 0  1693
2 37869  64.5164 208.9249 0023090 276.6029 182.7933  2.13102327    16
COSMOS 2478 (746)       
1 37938C 11071A   15169.99981482 -.00000005  00000-0  00000-0 0  1697
2 37938  65.1685  90.4656 0017247 350.5021 104.9227  2.13107353    11
COSMOS 2485 (747)       
1 39155C 13019A   15169.99981482  .00000007  00000-0  00000-0 0  1695
2 39155  64.6695 208.7745 0019228 246.0437 123.2412  2.13102340    14
COSMOS 2492 (754)       
1 39620C 14012A   15169.99981482 -.00000004  00000-0  00000-0 0  1694
2 39620  64.9610  89.4323 0016804 334.9100  66.3595  2.13103592    17
COSMOS 2500 (755)       
1 40001C 14032A   15169.99981482 -.00000004  00000-0  00000-0 0  1691
2 40001  64.9010  89.4840 0005379 213.5038  52.1223  2.13103167    16
