INTELSAT 701            
1 22871C 93066A   15166.00000000 -.00000123  00000-0  00000-0 0 16606
2 22871   2.7924  71.1453 0004065   2.6513 159.6435  1.00272633    17
INTELSAT 701            
1 22871C 93066A   15169.00000000 -.00000123  00000-0  00000-0 0 16902
2 22871   2.7977  71.1629 0004064   2.4620 162.7758  1.00272376    13
INTELSAT 701        [PM]
1 22871C 93066A   15172.79120370 -.00000123  00000-0  00000-0 0 17265
2 22871   2.8022  71.1390 0004711   5.4610  88.3746  1.00272578    15
INTELSAT 702            
1 23124C 94034A   15166.00000000  .00000245  00000-0  00000-0 0 16608
2 23124   3.1366  69.5447 0001105  34.6270 191.6802  1.00271579    17
INTELSAT 702            
1 23124C 94034A   15169.00000000  .00000245  00000-0  00000-0 0 16904
2 23124   3.1419  69.5565 0001150  37.7814 191.4802  1.00273636    19
INTELSAT 702        [PM]
1 23124C 94034A   15170.19084491  .00000245  00000-0  00000-0 0 17015
2 23124   3.1432  69.5536 0001224  41.0421 258.1137  1.00268250    14
INTELSAT 26         [PM]
1 24732C 97007A   15162.59552083  .00000090  00000-0  00000-0 0 16248
2 24732   6.2552  55.8664 0005730   3.6997 120.2340  1.00267495    10
INTELSAT 26             
1 24732C 97007A   15166.00000000  .00000090  00000-0  00000-0 0 16605
2 24732   6.2634  55.8589 0002612  30.7911 242.1010  1.00269295    18
INTELSAT 26             
1 24732C 97007A   15169.00000000  .00000090  00000-0  00000-0 0 16901
2 24732   6.2674  55.8468 0002665  32.1526 243.7079  1.00269811    10
GALAXY 25               
1 24812C 97026A   15166.00000000 -.00000072  00000-0  00000-0 0 16606
2 24812   0.0269  54.4137 0002475   7.9313 107.5129  1.00271319    11
GALAXY 25               
1 24812C 97026A   15169.00000000 -.00000072  00000-0  00000-0 0 16902
2 24812   0.0327  67.7360 0002482 356.2464 108.8281  1.00271374    10
GALAXY 25           [PM]
1 24812C 97026A   15169.76646991 -.00000072  00000-0  00000-0 0 16966
2 24812   0.0287 294.5044 0002427 128.0347  26.9546  1.00272077    13
INTELSAT 5              
1 24916C 97046A   15166.00000000 -.00000048  00000-0  00000-0 0 16606
2 24916   2.1085  75.0545 0005016   8.9885 335.8984  1.00271254    19
INTELSAT 5              
1 24916C 97046A   15169.00000000 -.00000048  00000-0  00000-0 0 16902
2 24916   2.1140  75.0874 0005008   8.1248 339.6830  1.00272551    15
INTELSAT 5          [PM]
1 24916C 97046A   15170.54697917 -.00000048  00000-0  00000-0 0 17048
2 24916   2.1157  75.0065 0005117   3.3050 183.0355  1.00273280    17
INTELSAT 805            
1 25371C 98037A   15166.00000000 -.00000195  00000-0  00000-0 0 16606
2 25371   0.0184 285.9338 0002541 154.2820 127.2399  1.00273574    18
INTELSAT 805            
1 25371C 98037A   15169.00000000 -.00000195  00000-0  00000-0 0 16902
2 25371   0.0375 266.6346 0002541 174.3777 129.4103  1.00272651    11
INTELSAT 805        [PM]
1 25371C 98037A   15172.67430556 -.00000195  00000-0  00000-0 0 17251
2 25371   0.0510 260.3297 0002766 183.8426  12.6244  1.00270305    16
INTELSAT 7          [PM]
1 25473C 98052A   15161.52229167 -.00000052  00000-0  00000-0 0 16146
2 25473   1.6782  77.8815 0002801  50.2111 300.2677  1.00271656    18
INTELSAT 7              
1 25473C 98052A   15166.00000000 -.00000052  00000-0  00000-0 0 16608
2 25473   1.6913  77.8462 0002489  51.6491 115.2483  1.00272067    16
INTELSAT 7              
1 25473C 98052A   15169.00000000 -.00000052  00000-0  00000-0 0 16904
2 25473   1.6972  77.8951 0002563  52.9522 116.8533  1.00272183    18
INTELSAT 8              
1 25522C 98065A   15166.00000000  .00000059  00000-0  00000-0 0 16603
2 25522   0.0267 276.9016 0002587 171.8879 343.1717  1.00272706    19
INTELSAT 8              
1 25522C 98065A   15169.00000000  .00000059  00000-0  00000-0 0 16909
2 25522   0.0216 277.3219 0002708 161.0023 356.5912  1.00270859    12
INTELSAT 8          [PM]
1 25522C 98065A   15173.52776620  .00000059  00000-0  00000-0 0 17348
2 25522   0.0538 260.6404 0003143 184.3130 184.4156  1.00273253    10
GALAXY 27               
1 25922C 99052A   15166.00000000  .00000087  00000-0  00000-0 0 16605
2 25922   1.7690  76.7828 0008807  22.5894 229.7723  1.00272213    17
GALAXY 27               
1 25922C 99052A   15169.00000000  .00000087  00000-0  00000-0 0 16901
2 25922   1.7746  76.8377 0008843  23.2819 231.9908  1.00272866    18
GALAXY 27           [PM]
1 25922C 99052A   15171.57468750  .00000087  00000-0  00000-0 0 17143
2 25922   1.7777  76.8322 0009284  23.4090  81.3083  1.00270604    14
GALAXY 11               
1 26038C 99071A   15166.00000000 -.00000195  00000-0  00000-0 0 16606
2 26038   0.0798 256.2881 0000473 289.8578  21.1963  1.00271621    11
GALAXY 11               
1 26038C 99071A   15168.95251157 -.00000197  00000-0  00000-0 0 16874
2 26038   0.0810 252.7967 0000168 249.9815  50.3921  1.00272023    19
INTELSAT 9              
1 26451C 00043A   15166.00000000 -.00000179  00000-0  00000-0 0 16608
2 26451   2.0925  75.1419 0002520 354.2821 150.4182  1.00271113    17
INTELSAT 9              
1 26451C 00043A   15169.00000000 -.00000179  00000-0  00000-0 0 16904
2 26451   2.0980  75.1790 0002689 350.0000 157.6208  1.00273835    10
INTELSAT 9          [PM]
1 26451C 00043A   15169.65087963 -.00000179  00000-0  00000-0 0 16953
2 26451   2.0985  75.1976 0002656 357.0789  25.4842  1.00273666    14
INTELSAT 12             
1 26590C 00068A   15166.00000000  .00000231  00000-0  00000-0 0 16607
2 26590   0.0102 314.4681 0002846 128.6059 224.8691  1.00271576    17
INTELSAT 12             
1 26590C 00068A   15169.00000000  .00000236  00000-0  00000-0 0 16908
2 26590   0.0017 341.6609 0002863 104.0584 225.1857  1.00273114    12
INTELSAT 12         [PM]
1 26590C 00068A   15172.18885417  .00000418  00000-0  00000-0 0 17211
2 26590   0.0001  10.8772 0003075  73.4825 297.6840  1.00271320    17
INTELSAT 1R             
1 26608C 00072A   15166.00000000 -.00000195  00000-0  00000-0 0 16602
2 26608   0.0416 236.0371 0000609   9.0062 327.9225  1.00269042    14
INTELSAT 1R             
1 26608C 00072A   15168.95251157 -.00000226  00000-0  00000-0 0 16873
2 26608   0.0477 217.1247 0000628  41.1860 300.4684  1.00268591    10
INTELSAT 10             
1 26766C 01019A   15166.00000000  .00000220  00000-0  00000-0 0 16607
2 26766   0.0069   1.8352 0002400  99.3987 209.2218  1.00273000    12
INTELSAT 10             
1 26766C 01019A   15169.00000000  .00000217  00000-0  00000-0 0 16909
2 26766   0.0102  33.1594 0002226  61.2365 219.0223  1.00269485    17
INTELSAT 901            
1 26824C 01024A   15166.00000000 -.00000051  00000-0  00000-0 0 16601
2 26824   0.0215  14.2952 0002447  68.1871 162.4748  1.00270842    10
INTELSAT 901            
1 26824C 01024A   15169.00000000 -.00000051  00000-0  00000-0 0 16907
2 26824   0.0169 359.9657 0002348  83.0539 164.8880  1.00272190    17
INTELSAT 901        [PM]
1 26824C 01024A   15170.52651620 -.00000051  00000-0  00000-0 0 17042
2 26824   0.0163 354.3504 0002363  89.5530 355.0565  1.00271812    14
INTELSAT 902            
1 26900C 01039A   15166.00000000  .00000123  00000-0  00000-0 0 16601
2 26900   0.0150  30.2283 0002491  55.7265 239.0053  1.00272933    19
INTELSAT 902            
1 26900C 01039A   15169.00000000  .00000123  00000-0  00000-0 0 16907
2 26900   0.0213  53.2132 0002566  31.3957 243.3065  1.00272034    11
INTELSAT 902        [PM]
1 26900C 01039A   15170.33402778  .00000122  00000-0  00000-0 0 17026
2 26900   0.0082 334.6682 0002579 109.5930   5.2221  1.00272027    15
INTELSAT 904            
1 27380C 02007A   15166.00000000  .00000139  00000-0  00000-0 0 16607
2 27380   0.0288  45.1944 0002649  39.3095 238.4430  1.00272070    11
INTELSAT 904            
1 27380C 02007A   15169.00000000  .00000139  00000-0  00000-0 0 16903
2 27380   0.0115   0.5905 0002656  85.3061 240.0146  1.00273002    13
INTELSAT 904        [PM]
1 27380C 02007A   15170.12811343  .00000139  00000-0  00000-0 0 17011
2 27380   0.0113   7.8733 0002726  75.5158 289.7611  1.00271007    16
INTELSAT 903            
1 27403C 02016A   15166.00000000 -.00000148  00000-0  00000-0 0 16604
2 27403   0.0189 340.2364 0002887 102.0834 146.1351  1.00272123    11
INTELSAT 903            
1 27403C 02016A   15169.00000000 -.00000148  00000-0  00000-0 0 16900
2 27403   0.0153   0.1817 0002827  81.8382 149.3951  1.00272797    11
INTELSAT 903        [PM]
1 27403C 02016A   15169.87783565 -.00000148  00000-0  00000-0 0 16976
2 27403   0.0150   3.8427 0002848  77.9432 106.5187  1.00272688    15
INTELSAT 905            
1 27438C 02027A   15166.00000000 -.00000095  00000-0  00000-0 0 16605
2 27438   0.0087 355.6715 0002235  70.6554 172.1366  1.00272074    12
INTELSAT 905            
1 27438C 02027A   15169.00000000 -.00000094  00000-0  00000-0 0 16900
2 27438   0.0098  23.4285 0002227  43.3393 174.6558  1.00272061    11
INTELSAT 905        [PM]
1 27438C 02027A   15170.66019676 -.00000094  00000-0  00000-0 0 17050
2 27438   0.0304 293.6350 0002232 132.8564  54.2436  1.00272029    17
GALAXY 3C               
1 27445C 02030A   15166.00000000 -.00000061  00000-0  00000-0 0 16600
2 27445   0.0125 357.7889 0001499 354.6804 175.4585  1.00270769    10
GALAXY 3C               
1 27445C 02030A   15168.95251157 -.00000061  00000-0  00000-0 0 16876
2 27445   0.0110  11.0599 0001563 345.5692 157.1087  1.00269868    10
INTELSAT 906            
1 27513C 02041A   15166.00000000  .00000105  00000-0  00000-0 0 16606
2 27513   0.0175   6.4432 0002819  81.0023 239.6676  1.00270582    11
INTELSAT 906            
1 27513C 02041A   15169.00000000  .00000108  00000-0  00000-0 0 16905
2 27513   0.0188  26.1172 0002818  61.8414 242.1012  1.00271314    11
INTELSAT 906        [PM]
1 27513C 02041A   15170.47366898  .00000105  00000-0  00000-0 0 17030
2 27513   0.0278 312.5489 0002885 134.9167  54.5650  1.00271076    13
INTELSAT 907            
1 27683C 03007A   15166.00000000 -.00000111  00000-0  00000-0 0 16605
2 27683   0.0098 329.8640 0002650 122.0709 143.5240  1.00271630    11
INTELSAT 907        [PM]
1 27683C 03007A   15167.44468750 -.00000111  00000-0  00000-0 0 16738
2 27683   0.0067 345.2129 0002563 107.0796 304.6822  1.00272209    12
INTELSAT 907            
1 27683C 03007A   15169.00000000 -.00000112  00000-0  00000-0 0 16902
2 27683   0.0048 358.9725 0002594  93.1808 146.2686  1.00272303    10
GALAXY 12               
1 27715C 03013B   15166.00000000  .00000149  00000-0  00000-0 0 16608
2 27715   0.0325 269.2897 0002003 221.4853   3.1639  1.00267138    18
GALAXY 12               
1 27715C 03013B   15169.00000000  .00000153  00000-0  00000-0 0 16909
2 27715   0.0302 262.0131 0001643 222.1226  12.7697  1.00273394    17
GALAXY 12           [PM]
1 27715C 03013B   15172.62373843 -.00003190  00000-0  00000-0 0 17242
2 27715   0.0310 239.6640 0001769 231.8573 253.5325  1.00269481    17
GALAXY 23               
1 27854C 03034A   15166.00000000  .00000066  00000-0  00000-0 0 16603
2 27854   0.0051 343.8791 0002539  99.9884  58.0996  1.00270805    16
GALAXY 23               
1 27854C 03034A   15169.00000000  .00000106  00000-0  00000-0 0 16904
2 27854   0.0042  17.0401 0002543  66.4410  61.4350  1.00271478    12
GALAXY 23           [PM]
1 27854C 03034A   15172.65555556  .00000106  00000-0  00000-0 0 17259
2 27854   0.0094  45.4562 0002827  39.2064 299.8612  1.00270818    15
GALAXY 13               
1 27954C 03044A   15166.00000000  .00000191  00000-0  00000-0 0 16604
2 27954   0.0025 342.8074 0000574 106.1049  47.0352  1.00272138    17
GALAXY 13               
1 27954C 03044A   15168.95251157  .00000141  00000-0  00000-0 0 16875
2 27954   0.0052  31.1813 0000307  55.3770  35.2005  1.00269533    15
INTELSAT 10-02          
1 28358C 04022A   15166.00000000 -.00003296  00000-0  00000-0 0 16600
2 28358   0.0001  27.3570 0002475 119.3072 115.2923  1.00272477    18
INTELSAT 10-02      [PM]
1 28358C 04022A   15168.22584491  .00000037  00000-0  00000-0 0 16819
2 28358   0.0001  46.2366 0001879  87.6603 211.5547  1.00272466    15
INTELSAT 10-02          
1 28358C 04022A   15168.95251157  .00000072  00000-0  00000-0 0 16874
2 28358   0.0213  95.3455 0002201  50.8133 101.6111  1.00269393    15
GALAXY 28               
1 28702C 05022A   15166.00000000 -.00000095  00000-0  00000-0 0 16608
2 28702   0.0148 349.1492 0000719 312.6362 232.1736  1.00270996    15
GALAXY 28               
1 28702C 05022A   15168.95251157 -.00000095  00000-0  00000-0 0 16874
2 28702   0.0127   1.9213 0000752 307.1995 210.6495  1.00271255    16
GALAXY 28           [PM]
1 28702C 05022A   15169.28289352 -.00000095  00000-0  00000-0 0 16925
2 28702   0.0127 346.6545 0000892 328.2048 324.1721  1.00272668    13
GALAXY 14           [PM]
1 28790C 05030A   15163.00457176  .00000127  00000-0  00000-0 0 16303
2 28790   0.0243 316.2198 0002144 129.0725  51.3606  1.00269942    19
GALAXY 14               
1 28790C 05030A   15166.00000000  .00000127  00000-0  00000-0 0 16609
2 28790   0.0184 334.1872 0002011 109.5824  54.1735  1.00271206    17
GALAXY 14               
1 28790C 05030A   15169.00000000  .00000127  00000-0  00000-0 0 16905
2 28790   0.0137 351.8790 0002033  89.9874  59.0316  1.00272176    16
GALAXY 15               
1 28884C 05041A   15166.00000000  .00000169  00000-0  00000-0 0 16601
2 28884   0.0246 312.2326 0000798 128.2983  49.4462  1.00269967    10
GALAXY 15               
1 28884C 05041A   15169.00000000  .00000169  00000-0  00000-0 0 16907
2 28884   0.0177 323.8332 0000834 110.7673  58.3190  1.00271138    11
GALAXY 15           [PM]
1 28884C 05041A   15170.00000000  .00000169  00000-0  00000-0 0 17001
2 28884   0.0174 326.5605 0000900 109.8378  57.5054  1.00271533    15
GALAXY 16               
1 29236C 06023A   15166.00000000 -.00000115  00000-0  00000-0 0 16606
2 29236   0.0001  34.2658 0003084  49.5772  80.1064  1.00272179    11
GALAXY 16               
1 29236C 06023A   15169.00000000 -.00002834  00000-0  00000-0 0 16902
2 29236   0.0340 125.9966 0003109 318.1698  82.7424  1.00272159    13
GALAXY 16           [PM]
1 29236C 06023A   15174.76968750 -.00000037  00000-0  00000-0 0 17461
2 29236   0.0388 208.4214 0003414 224.9543  16.3143  1.00271428    19
GALAXY 17               
1 31307C 07016B   15166.00000000 -.00000084  00000-0  00000-0 0 16606
2 31307   0.0187   0.1117 0002596  83.3235  88.5152  1.00272363    12
GALAXY 17               
1 31307C 07016B   15169.00000000 -.00000084  00000-0  00000-0 0 16902
2 31307   0.0185  18.0525 0002619  65.4928  91.3661  1.00272426    14
GALAXY 17           [PM]
1 31307C 07016B   15170.80938657 -.00000084  00000-0  00000-0 0 17068
2 31307   0.0191  27.4401 0002675  56.4118  24.2254  1.00271957    12
INTELSAT 11             
1 32253C 07044B   15166.00000000 -.00004249  00000-0  00000-0 0 16605
2 32253   0.0082 295.1358 0002451 148.7895 136.0311  1.00271660    13
INTELSAT 11             
1 32253C 07044B   15169.00000000 -.00000179  00000-0  00000-0 0 16909
2 32253   0.0395 261.6939 0002438 180.5501 140.6639  1.00271411    14
INTELSAT 11         [PM]
1 32253C 07044B   15173.62928241 -.00000178  00000-0  00000-0 0 17357
2 32253   0.0544 258.6475 0002837 185.7449   9.6286  1.00271010    19
HORIZONS-2              
1 32388C 07063B   15166.00000000 -.00000093  00000-0  00000-0 0 16608
2 32388   0.0216  41.4769 0002609  42.4268 263.9049  1.00271999    11
HORIZONS-2              
1 32388C 07063B   15169.00000000 -.00000159  00000-0  00000-0 0 16907
2 32388   0.0082 345.2707 0002685  94.6052 270.8815  1.00270919    12
HORIZONS-2          [PM]
1 32388C 07063B   15170.75715278 -.00000092  00000-0  00000-0 0 17065
2 32388   0.0063 356.2640 0002743  84.8376 183.9663  1.00272356    16
GALAXY 18               
1 32951C 08024A   15166.00000000  .00000115  00000-0  00000-0 0 16606
2 32951   0.0065 308.4238 0002725 144.9369  46.5919  1.00272365    14
GALAXY 18               
1 32951C 08024A   15169.00000000 -.00003868  00000-0  00000-0 0 16901
2 32951   0.0450 177.2107 0002695 273.2316  52.4680  1.00271292    12
GALAXY 18           [PM]
1 32951C 08024A   15169.08333333  .00000079  00000-0  00000-0 0 16907
2 32951   0.0000 336.8632 0002701 113.7188  82.4102  1.00271373    14
INTELSAT 25             
1 33153C 08034A   15166.00000000 -.00000134  00000-0  00000-0 0 16604
2 33153   0.0132   8.5733 0002202  61.0156 161.8578  1.00271503    10
INTELSAT 25             
1 33153C 08034A   15169.00000000 -.00000134  00000-0  00000-0 0 16900
2 33153   0.0159  31.2508 0002207  39.0538 164.0903  1.00271047    16
INTELSAT 25         [PM]
1 33153C 08034A   15170.71881944 -.00000134  00000-0  00000-0 0 17051
2 33153   0.0296 301.0592 0002125 125.7083  68.1011  1.00273219    13
GALAXY 19               
1 33376C 08045A   15166.00000000 -.00000126  00000-0  00000-0 0 16604
2 33376   0.0000   5.2424 0002556  79.4556  81.2545  1.00271832    15
GALAXY 19               
1 33376C 08045A   15169.00000000 -.00002862  00000-0  00000-0 0 16909
2 33376   0.0125  64.6056 0002571  20.1403  84.1620  1.00271774    15
GALAXY 19           [PM]
1 33376C 08045A   15172.76875000 -.00000049  00000-0  00000-0 0 17261
2 33376   0.0147 281.6139 0002779 166.0592   1.7017  1.00271297    16
INTELSAT 14             
1 36097C 09064A   15166.00000000 -.00000180  00000-0  00000-0 0 16609
2 36097   0.0087  11.2679 0002055  83.8447 122.8300  1.00271066    14
INTELSAT 14             
1 36097C 09064A   15169.00000000 -.00000183  00000-0  00000-0 0 16908
2 36097   0.0136  39.9042 0001982  49.4157 131.5777  1.00273316    19
INTELSAT 14         [PM]
1 36097C 09064A   15172.12708333 -.00000183  00000-0  00000-0 0 17214
2 36097   0.0116 319.6544 0002216 129.1998 180.8866  1.00272746    14
INTELSAT 15             
1 36106C 09067A   15166.00000000 -.00000096  00000-0  00000-0 0 16609
2 36106   0.0170  25.5146 0001993  68.4226 254.1676  1.00271401    17
INTELSAT 15         [PM]
1 36106C 09067A   15167.47230324 -.00000095  00000-0  00000-0 0 16738
2 36106   0.0167 324.2963 0001911 126.7636  68.5246  1.00272082    18
INTELSAT 15             
1 36106C 09067A   15169.00000000 -.00000095  00000-0  00000-0 0 16904
2 36106   0.0135 331.8200 0001954 119.8703 259.3713  1.00271663    19
INTELSAT 16             
1 36397C 10006A   15166.00000000 -.00000144  00000-0  00000-0 0 16600
2 36397   0.0178 353.4588 0001549 114.8088  75.6942  1.00272104    12
INTELSAT 16             
1 36397C 10006A   15169.00000000 -.00000144  00000-0  00000-0 0 16906
2 36397   0.0167  12.3278 0001543  93.7358  80.8527  1.00271496    16
INTELSAT 16         [PM]
1 36397C 10006A   15172.94400463 -.00000145  00000-0  00000-0 0 17272
2 36397   0.0180  30.8867 0001748  64.5697  75.1822  1.00273335    18
INTELSAT 17             
1 37238C 10065B   15166.00000000  .00000095  00000-0  00000-0 0 16604
2 37238   0.0045  15.6507 0002536  70.0231 243.2788  1.00272131    19
INTELSAT 17             
1 37238C 10065B   15169.00000000  .00000037  00000-0  00000-0 0 16906
2 37238   0.0159 301.0430 0002646 141.8663 249.0037  1.00270944    11
INTELSAT 17         [PM]
1 37238C 10065B   15169.44204861  .00000089  00000-0  00000-0 0 16935
2 37238   0.0152 301.1060 0002633 140.1820  50.1973  1.00271067    14
INTELSAT NEW DAWN       
1 37392C 11016A   15166.00000000  .00000246  00000-0  00000-0 0 16600
2 37392   0.0199  61.8015 0000843 114.3726 119.6038  1.00273880    13
INTELSAT NEW DAWN       
1 37392C 11016A   15169.00000000  .00000246  00000-0  00000-0 0 16906
2 37392   0.0143 296.6014 0000192  99.1305 262.9625  1.00273717    12
INTELSAT NEW DAWN   [PM]
1 37392C 11016A   15173.04989583  .00000184  00000-0  00000-0 0 17303
2 37392   0.0057 310.5385 0000694  79.3673 290.7938  1.00270371    17
INTELSAT 18             
1 37834C 11056A   15166.00000000  .00000139  00000-0  00000-0 0 16606
2 37834   0.0090 325.6057 0001449 116.9246   0.4121  1.00270212    15
INTELSAT 18             
1 37834C 11056A   15169.00000000  .00000142  00000-0  00000-0 0 16906
2 37834   0.0031 355.0582 0001473  86.5777   4.2485  1.00270907    14
INTELSAT 18         [PM]
1 37834C 11056A   15174.73125000  .00000146  00000-0  00000-0 0 17455
2 37834   0.0066  31.4391 0001946  53.3491 270.0042  1.00272063    12
INTELSAT 22             
1 38098C 12011A   15166.00000000  .00000032  00000-0  00000-0 0 16603
2 38098   0.0244   4.0575 0001855  92.7594 238.2216  1.00272865    12
INTELSAT 22             
1 38098C 12011A   15169.00000000  .00000032  00000-0  00000-0 0 16909
2 38098   0.0246  19.9307 0001824  75.9691 242.1030  1.00272652    11
INTELSAT 22         [PM]
1 38098C 12011A   15172.79841435  .00000031  00000-0  00000-0 0 17263
2 38098   0.0205 357.0135 0001939 100.0105 172.1683  1.00271101    12
INTELSAT 19             
1 38356C 12030A   15166.00000000  .00000033  00000-0  00000-0 0 16602
2 38356   0.0198  18.1669 0002520  66.3861 344.3961  1.00271366    12
INTELSAT 19             
1 38356C 12030A   15169.00000000  .00000033  00000-0  00000-0 0 16908
2 38356   0.0229  36.8206 0002542  47.5073 347.5764  1.00271761    16
INTELSAT 19         [PM]
1 38356C 12030A   15174.03482639  .00000033  00000-0  00000-0 0 17405
2 38356   0.0295 306.1897 0002951 140.5578   2.6683  1.00271368    18
INTELSAT 20             
1 38740C 12043A   15166.00000000  .00000063  00000-0  00000-0 0 16606
2 38740   0.0239 304.4078 0000723 356.0772  30.9681  1.00270802    14
INTELSAT 20         [PM]
1 38740C 12043A   15168.48888889  .00000070  00000-0  00000-0 0 16832
2 38740   0.0241 299.2426 0000757   6.4857 204.1736  1.00272050    15
INTELSAT 20             
1 38740C 12043A   15168.95251157  .00000066  00000-0  00000-0 0 16875
2 38740   0.0199 308.8291 0000783   4.2146   4.2230  1.00270367    17
INTELSAT 21             
1 38749C 12045A   15166.00000000 -.00000188  00000-0  00000-0 0 16606
2 38749   0.0267  47.5086 0002003  46.9220 110.5220  1.00271579    10
INTELSAT 21             
1 38749C 12045A   15169.00000000 -.00000196  00000-0  00000-0 0 16901
2 38749   0.0088   6.1807 0002083  90.5933 111.1326  1.00271578    10
INTELSAT 21         [PM]
1 38749C 12045A   15171.92150463 -.00000195  00000-0  00000-0 0 17173
2 38749   0.0094  23.6907 0002262  64.2293  94.5994  1.00274513    15
INTELSAT 23             
1 38867C 12057A   15166.00000000 -.00000196  00000-0  00000-0 0 16609
2 38867   0.0000   4.2229 0001397  79.6401 126.0899  1.00271008    15
INTELSAT 23             
1 38867C 12057A   15169.00000000 -.00000203  00000-0  00000-0 0 16904
2 38867   0.0105  45.3288 0001414  35.6487 131.9162  1.00270130    11
INTELSAT 23         [PM]
1 38867C 12057A   15172.67349537 -.00000195  00000-0  00000-0 0 17251
2 38867   0.0253 282.0804 0001598 136.5215  40.3813  1.00272795    17
INTELSAT 30             
1 40271C 14062A   15166.00000000 -.00000078  00000-0  00000-0 0 16608
2 40271   0.0450 160.2824 0001921  65.9970 301.6278  1.00271124    13
INTELSAT 30         [PM]
1 40271C 14062A   15168.26680556 -.00000032  00000-0  00000-0 0 16822
2 40271   0.0001  26.0335 0001860 194.4181  45.7266  1.00273117    12
INTELSAT 30             
1 40271C 14062A   15168.95251157 -.00002484  00000-0  00000-0 0 16877
2 40271   0.0444 164.4790 0001854  61.4625 287.7711  1.00271474    11

