ISS [Orbit 2840]        
1 25544U 98067A   15170.51548115  .00016717  00000-0  10270-3 0  9001
2 25544  51.6436  72.4079 0003357  70.4524 289.6992 15.55202142 28402
ISS [Orbit 2855]        
1 25544U 98067A   15171.47932979  .00016717  00000-0  10270-3 0  9013
2 25544  51.6443  67.5948 0003311  73.6994 286.4523 15.55247633 28551
ISS [Orbit 2871]        
1 25544U 98067A   15172.50741698  .00016717  00000-0  10270-3 0  9025
2 25544  51.6439  62.4608 0003278  78.0172 282.1349 15.55269971 28718
ISS [Orbit 2886]        
1 25544U 98067A   15173.47123092  .00016717  00000-0  10270-3 0  9035
2 25544  51.6446  57.6474 0003228  80.0109 280.1409 15.55312675 28862
ISS [Orbit 2902]        
1 25544U 98067A   15174.49927979  .00016717  00000-0  10270-3 0  9045
2 25544  51.6445  52.5132 0003042  82.0155 278.1343 15.55364666 29023
ISS [Orbit 2917]        
1 25544U 98067A   15175.46306043  .00016717  00000-0  10270-3 0  9057
2 25544  51.6450  47.6997 0003026  85.0765 275.0734 15.55353781 29177
ISS [Orbit 2933]        
1 25544U 98067A   15176.49107491  .00016717  00000-0  10270-3 0  9068
2 25544  51.6450  42.5654 0003108  89.9477 270.2033 15.55363953 29334
ISS [Orbit 2948]        
1 25544U 98067A   15177.45481945  .00016717  00000-0  10270-3 0  9075
2 25544  51.6453  37.7515 0002891  91.6349 268.5136 15.55424013 29480
ISS [Orbit 2964]        
1 25544U 98067A   15178.48279722  .00016717  00000-0  10270-3 0  9088
2 25544  51.6451  32.6171 0002748  97.3961 262.7505 15.55403642 29643
ISS [Orbit 2980]        
1 25544U 98067A   15179.51075638  .00016717  00000-0  10270-3 0  9094
2 25544  51.6446  27.4818 0002775  95.0634 265.0836 15.55442348 29806
ISS [Orbit 2995]        
1 25544U 98067A   15180.47444962  .00016717  00000-0  10270-3 0  9103
2 25544  51.6435  22.6674 0002586  99.9208 260.2237 15.55489343 29955
ISS [Orbit 3011]        
1 25544U 98067A   15181.50237298  .00016717  00000-0  10270-3 0  9111
2 25544  51.6436  17.5324 0002630 103.8636 256.2811 15.55506810 30113
ISS [Orbit 3026]        
1 25544U 98067A   15182.46603319  .00016717  00000-0  10270-3 0  9129
2 25544  51.6423  12.7165 0002534 107.1535 252.9896 15.55550990 30267
ISS [Orbit 3042]        
1 25544U 98067A   15183.49391874  .00016717  00000-0  10270-3 0  9134
2 25544  51.6428   7.5811 0002311 109.2234 250.9170 15.55606104 30424
ISS [Orbit 3057]        
1 25544U 98067A   15184.45754691  .00016717  00000-0  10270-3 0  9142
2 25544  51.6414   2.7654 0002424 114.7297 245.4109 15.55594213 30570
