METEOSAT-7 (MTP1)       
1 24932C 97049B   15166.00000000  .00000154  00000-0  00000-0 0  1664
2 24932   9.6749  44.3291 0000622 275.4475   1.0095  1.00265178    10
METEOSAT-8 (MSG1)       
1 27509C 02040B   15166.00000000  .00000113  00000-0  00000-0 0  1669
2 27509   3.5378  61.1183 0000247 144.0293  61.4473  1.00266601    15
METEOSAT-9 (MSG2)       
1 28912C 05049B   15166.00000000  .00000153  00000-0  00000-0 0  1664
2 28912   0.8191  57.7019 0001232 202.0759  12.4305  1.00266767    16
METEOSAT-10 (MSG3)      
1 38552C 12035B   15166.00000000  .00000090  00000-0  00000-0 0  1668
2 38552   0.0436  77.3666 0000364 302.8215 243.2394  1.00260544    17
