AMC-1 (GE-1)            
1 24315C 96054A   15171.15625000 -.00000012  00000-0  00000-0 0  1719
2 24315   0.0731  89.9511 0002641 350.8499 140.4770  1.00272202    12
AMC-3 (GE-3)            
1 24936C 97050A   15171.15625000 -.00000183  00000-0  00000-0 0  1714
2 24936   0.0129 329.5464 0000821 102.2689 185.4614  1.00272730    12
ASTRA 1G                
1 25071C 97076A   15171.14583333  .00000141  00000-0  00000-0 0  1717
2 25071   0.8490  79.7849 0003111   6.4067 294.1630  1.00273415    10
NSS-806                 
1 25239C 98014A   15171.15625000 -.00000188  00000-0  00000-0 0  1717
2 25239   0.0497  19.5349 0004358  65.4415 191.8135  1.00273639    19
ASTRA 2A                
1 25462C 98050A   15170.62500000  .00000240  00000-0  00000-0 0  1705
2 25462   0.0599 127.8544 0003818 340.6145  52.2364  1.00270130    15
AMC-4 (GE-4)            
1 25954C 99060A   15171.15625000 -.00000183  00000-0  00000-0 0  1718
2 25954   0.0298  54.2969 0002505  23.4223 179.5760  1.00271320    11
ASTRA 2B                
1 26494C 00054A   15171.12500000  .00000244  00000-0  00000-0 0  1719
2 26494   0.7322  79.7142 0002837   4.1200 260.5185  1.00274584    17
AMC-7 (GE-7)            
1 26495C 00054B   15171.14583333  .00000178  00000-0  00000-0 0  1718
2 26495   0.0395  58.3489 0000365 303.6244 183.5522  1.00272816    12
NSS-11 (AAP-1)          
1 26554C 00059A   15171.14583333 -.00000255  00000-0  00000-0 0  1716
2 26554   0.0258 311.2835 0002382 140.6041 336.8323  1.00272126    13
AMC-6 (GE-6)            
1 26580C 00067A   15171.15625000 -.00000169  00000-0  00000-0 0  1717
2 26580   0.0175  12.4647 0002155  71.7298 168.0772  1.00273730    12
AMC-8 (GE-8)            
1 26639C 00081B   15171.14583333  .00000195  00000-0  00000-0 0  1717
2 26639   0.0176 330.7963 0001649  93.4493 117.2845  1.00269964    11
ASTRA 2C                
1 26853C 01025A   15171.12500000  .00000240  00000-0  00000-0 0  1713
2 26853   0.0303 350.6617 0001943  18.8230 331.6897  1.00274841    14
ASTRA 3A                
1 27400C 02015B   15171.14583333  .00000162  00000-0  00000-0 0  1717
2 27400   2.4239  72.4977 0000683 352.5208  78.6518  1.00275625    17
NSS-7                   
1 27414C 02019A   15171.15625000 -.00000065  00000-0  00000-0 0  1718
2 27414   0.3972  88.0346 0002414 348.9747 227.2595  1.00273905    13
NSS-6                   
1 27603C 02057A   15171.14583333 -.00000180  00000-0  00000-0 0  1719
2 27603   0.0279  83.9076 0001008 316.9236  14.6954  1.00272094    15
AMC-9 (GE-12)           
1 27820C 03024A   15171.15625000 -.00000126  00000-0  00000-0 0  1714
2 27820   0.0173  31.4355 0002607  50.0053 159.8420  1.00272521    11
AMC-10 (GE-10)          
1 28154C 04003A   15171.14583333  .00000178  00000-0  00000-0 0  1710
2 28154   0.0162 339.5498 0002459  97.0060 108.9622  1.00270466    19
AMC-11 (GE-11)          
1 28252C 04017A   15171.15625000  .00000159  00000-0  00000-0 0  1712
2 28252   0.0182  17.7065 0002084  65.8878 109.7003  1.00270999    12
NSS-10 (AMC-12)         
1 28526C 05003A   15171.15625000 -.00000160  00000-0  00000-0 0  1715
2 28526   0.0182 350.7163 0002693  88.5305 207.5843  1.00272279    10
ASTRA 1KR               
1 29055C 06012A   15171.12500000  .00000209  00000-0  00000-0 0  1716
2 29055   0.0293 300.6442 0001112 215.5504 176.0149  1.00269159    15
AMC-18                  
1 29644C 06054B   15171.15625000  .00000001  00000-0  00000-0 0  1717
2 29644   0.0165  10.4282 0002345  63.8789 145.0114  1.00273332    19
ASTRA 1L                
1 31306C 07016A   15171.12500000  .00000210  00000-0  00000-0 0  1715
2 31306   0.0507 328.7004 0001681  36.5497 326.9612  1.00269154    19
ASTRA 4A (SIRIUS 4)     
1 32299C 07057A   15171.12500000  .00000122  00000-0  00000-0 0  1714
2 32299   0.0129 352.1723 0002387  90.2679 235.3554  1.00273037    16
AMC-21                  
1 33275C 08038B   15171.15625000  .00000126  00000-0  00000-0 0  1714
2 33275   0.0149   7.9555 0002344  91.4524  99.9844  1.00269375    12
ASTRA 1M                
1 33436C 08057A   15171.12500000  .00000210  00000-0  00000-0 0  1717
2 33436   0.0346  74.4649 0004550  36.2854 221.4232  1.00276186    18
NSS-9                   
1 33749C 09008A   15171.14583333  .00000163  00000-0  00000-0 0  1710
2 33749   0.0195  30.3132 0001781  48.8295  64.4519  1.00272060    16
SES-7 (PROTOSTAR 2)     
1 34941C 09027A   15171.14583333 -.00000255  00000-0  00000-0 0  1719
2 34941   0.0456  61.5467 0001045 219.7355 147.4873  1.00273182    18
NSS-12                  
1 36032C 09058A   15171.14583333  .00000162  00000-0  00000-0 0  1712
2 36032   0.0126   5.1647 0002313  73.2335 299.1373  1.00270349    11
SES-1                   
1 36516C 10016A   15171.15625000 -.00000023  00000-0  00000-0 0  1711
2 36516   0.0156 338.3292 0001708  91.8368 153.1062  1.00272851    11
ASTRA 3B                
1 36581C 10021A   15171.12500000  .00000227  00000-0  00000-0 0  1713
2 36581   0.0525 357.8816 0004175 101.0661 237.5236  1.00271561    19
ASTRA 1N                
1 37775C 11041A   15171.12500000  .00000209  00000-0  00000-0 0  1712
2 37775   0.0646  27.1785 0005047  34.2152 270.7757  1.00274119    11
SES-2                   
1 37809C 11049A   15171.15625000 -.00000106  00000-0  00000-0 0  1716
2 37809   0.0122   0.9121 0002582  82.3162 154.0522  1.00272405    17
SES-4                   
1 38087C 12007A   15171.15625000 -.00000078  00000-0  00000-0 0  1718
2 38087   0.0168   7.4873 0001975  74.4562 220.3442  1.00271309    13
SES-5                   
1 38652C 12036A   15171.12500000  .00000123  00000-0  00000-0 0  1717
2 38652   0.0795 268.6049 0001704 176.6767 232.6945  1.00271900    16
ASTRA 2F                
1 38778C 12051A   15171.12500000  .00000260  00000-0  00000-0 0  1715
2 38778   0.0480 186.0799 0000978 348.6385 166.4445  1.00271926    17
SES-6                   
1 39172C 13026A   15171.15625000 -.00000171  00000-0  00000-0 0  1710
2 39172   0.0204 333.3655 0001777 119.7815 190.6350  1.00272798    13
ASTRA 2E                
1 39285C 13056A   15171.12500000  .00000240  00000-0  00000-0 0  1713
2 39285   0.0441 355.9807 0001670  93.5309 251.8501  1.00271133    19
SES-8                   
1 39460C 13071A   15171.14583333 -.00000180  00000-0  00000-0 0  1711
2 39460   0.0203 285.1608 0002276 160.1310 330.2337  1.00271645    16
