METEOSAT-7              
1 24932U 97049B   15172.68790608  .00000044  00000-0  00000+0 0  9996
2 24932   9.6843  44.2515 0000459 217.5581 313.0426  1.00266451 65184
NOAA 15                 
1 25338U 98030A   15172.50808193  .00000144  00000-0  79817-4 0  9996
2 25338  98.7723 171.1465 0011152 150.4209 209.7603 14.25634201889454
METEOSAT-8 (MSG-1)      
1 27509U 02040B   15172.30317620  .00000009  00000-0  00000+0 0  9995
2 27509   3.5482  61.0982 0000326  84.5987 236.1901  1.00269399 47007
KALPANA-1 (METSAT 1)    
1 27525U 02043A   15171.88509513 -.00000092  00000-0  00000+0 0  9995
2 27525   5.0877  60.4399 0011034 215.6980  25.1316  1.00272060 46782
INSAT-3A                
1 27714U 03013A   15172.83156984 -.00000267  00000-0  00000+0 0  9993
2 27714   0.0776 278.3191 0006428 153.5701 230.6787  1.00272652 44709
HIMAWARI-6 (MTSAT-1R)   
1 28622U 05006A   15172.41208275 -.00000291  00000-0  00000+0 0  9998
2 28622   0.2106  87.3643 0002923 343.5499 126.6667  1.00271256 37766
NOAA 18                 
1 28654U 05018A   15172.45509792  .00000111  00000-0  86022-4 0  9991
2 28654  99.1838 165.2015 0013492 312.0487  47.9535 14.12209429519674
METEOSAT-9 (MSG-2)      
1 28912U 05049B   15171.93036884  .00000050  00000-0  00000+0 0  9990
2 28912   0.8282  57.3753 0001050 209.5892 345.9482  1.00269303 34821
MTSAT-2                 
1 28937U 06004A   15173.26450080 -.00000250  00000-0  00000+0 0  9998
2 28937   0.0508  88.1770 0003000 359.5279  62.6285  1.00272176 34134
FORMOSAT-3 FM6          
1 29047U 06011A   15172.51449770  .00000120  00000-0  63607-4 0  9992
2 29047  71.9793 229.6845 0052031 323.6193  36.1410 14.28360766480992
FORMOSAT-3 FM1          
1 29048U 06011B   15173.18371841  .00000146  00000-0  74515-4 0  9998
2 29048  71.9675 141.2581 0046187 277.7105 173.2809 14.28319966483584
FORMOSAT-3 FM5          
1 29049U 06011C   15171.86851326  .00000127  00000-0  66896-4 0  9995
2 29049  72.0207 305.2805 0035977 322.1695 208.8733 14.28334466479165
FORMOSAT-3 FM3          
1 29050U 06011D   15172.76628792  .00000518  00000-0  12158-3 0  9991
2 29050  72.0170 274.5170 0049785  34.1290 326.3045 14.57873141490673
FORMOSAT-3 FM4          
1 29051U 06011E   15172.77555929  .00000104  00000-0  56666-4 0  9998
2 29051  72.0051 208.7614 0069060 197.5338 162.3415 14.28339860481884
FORMOSAT-3 FM2          
1 29052U 06011F   15172.79045705  .00000135  00000-0  69757-4 0  9996
2 29052  72.0355 277.5666 0042003 286.0734 244.4928 14.28437419480200
GOES 13                 
1 29155U 06018A   15172.20678639 -.00000260  00000-0  00000+0 0  9992
2 29155   0.1692 264.5205 0004186 194.1054 169.8893  1.00279465 33261
METOP-A                 
1 29499U 06044A   15172.82178502  .00000054  00000-0  44548-4 0  9994
2 29499  98.6753 232.0862 0001917 115.2782 337.5001 14.21509801449940
FENGYUN 2D              
1 29640U 06053A   15172.97268970 -.00000205  00000-0  10000-3 0  9991
2 29640   3.0940  68.2208 0002497 117.0515 161.0540  1.00264609 31310
FENGYUN 3A              
1 32958U 08026A   15173.18465576  .00000069  00000-0  52493-4 0  9994
2 32958  98.5031 223.4979 0008789 223.1590 136.8897 14.19562935366333
FENGYUN 2E              
1 33463U 08066A   15172.55316890 -.00000216  00000-0  00000+0 0  9991
2 33463   2.6088  58.8711 0001814 156.6748 344.6387  1.00082534 23841
NOAA 19                 
1 33591U 09005A   15172.48901085  .00000146  00000-0  10425-3 0  9992
2 33591  98.9899 122.3775 0014389 153.8286 206.3615 14.11947119328093
GOES 14                 
1 35491U 09033A   15172.50139874 -.00000101  00000-0  00000+0 0  9992
2 35491   0.2538  97.4151 0002306  50.9872 196.8369  1.00270053 21903
METEOR-M 1              
1 35865U 09049A   15173.14698627  .00000055  00000-0  44005-4 0  9996
2 35865  98.5001 213.3163 0003675  98.9512 328.4464 14.22033128298912
GOES 15                 
1 36411U 10008A   15172.52051631  .00000077  00000-0  00000+0 0  9996
2 36411   0.1790  99.8226 0001601 238.9080 343.6053  1.00260081 19437
COMS 1                  
1 36744U 10032A   15172.67481461 -.00000353  00000-0  00000+0 0  9994
2 36744   0.0125  49.8298 0000709  45.6382 185.1969  1.00271547 18407
FENGYUN 3B              
1 37214U 10059A   15172.97282124  .00000055  00000-0  49998-4 0  9996
2 37214  98.7921 126.2588 0017990  50.0100 310.2648 14.15758767239783
ELEKTRO-L 1 (GOMS 2)    
1 37344U 11001A   15172.83108197 -.00000107  00000-0  10000-3 0  9990
2 37344   0.9860  80.7490 0002555 286.7065 277.3594  1.00280445 16227
SUOMI NPP               
1 37849U 11061A   15173.10905752  .00000072  00000-0  54740-4 0  9999
2 37849  98.6981 112.3444 0001922  81.8462  39.0727 14.19558599189075
FENGYUN 2F              
1 38049U 12002A   15172.66248981 -.00000366  00000-0  10000-3 0  9999
2 38049   0.2944  51.3432 0002199 177.9755  30.6623  1.00278958 12648
METEOSAT-10 (MSG-3)     
1 38552U 12035B   15173.14134172 -.00000011  00000-0  00000+0 0  9996
2 38552   0.0567  78.6020 0000195 327.3097 275.1913  1.00263031 10973
METOP-B                 
1 38771U 12049A   15172.49057897  .00000058  00000-0  46443-4 0  9995
2 38771  98.6971 232.3568 0001545 131.7184 232.8471 14.21489641143035
FENGYUN 3C              
1 39260U 13052A   15173.02130768  .00000080  00000-0  58605-4 0  9991
2 39260  98.7296 245.1072 0000748  79.6372 280.4894 14.19566035 90359
METEOR-M 2              
1 40069U 14037A   15173.23008637  .00000017  00000-0  28221-4 0  9997
2 40069  98.7559 227.8220 0006362 138.5067 221.6593 14.20611639 49480
HIMAWARI 8              
1 40267U 14060A   15172.85518495 -.00000285  00000-0  00000+0 0  9996
2 40267   0.0282  79.5910 0000334  47.3038 231.3485  1.00270527  2618
FENGYUN 2G              
1 40367U 14090A   15172.91223891 -.00000335  00000-0  00000+0 0  9996
2 40367   1.9322 276.9304 0005146 255.9865 169.6321  1.00259779  1803
